2005	1	21	0	0	22	0	NaN
2005	1	21	0	1	26	0	NaN
2005	1	21	0	2	30	0	NaN
2005	1	21	0	3	34	0	NaN
2005	1	21	0	4	38	0	NaN
2005	1	21	0	5	42	0	NaN
2005	1	21	0	6	46	0	NaN
2005	1	21	0	7	50	0	NaN
2005	1	21	0	8	54	0	NaN
2005	1	21	0	9	58	0	NaN
2005	1	21	0	11	2	0	NaN
2005	1	21	0	12	6	0	NaN
2005	1	21	0	13	10	0	NaN
2005	1	21	0	14	14	0	NaN
2005	1	21	0	15	18	0	NaN
2005	1	21	0	16	22	0	NaN
2005	1	21	0	17	26	0	NaN
2005	1	21	0	18	30	0	NaN
2005	1	21	0	19	34	0	NaN
2005	1	21	0	20	38	0	NaN
2005	1	21	0	21	42	0	NaN
2005	1	21	0	22	46	0	NaN
2005	1	21	0	23	50	0	NaN
2005	1	21	0	24	54	0	NaN
2005	1	21	0	25	58	0	NaN
2005	1	21	0	27	2	0	NaN
2005	1	21	0	28	6	0	NaN
2005	1	21	0	29	10	0	NaN
2005	1	21	0	30	14	0	NaN
2005	1	21	0	31	18	0	NaN
2005	1	21	0	32	22	0	NaN
2005	1	21	0	33	26	0	NaN
2005	1	21	0	34	30	0	NaN
2005	1	21	0	35	34	0	NaN
2005	1	21	0	36	38	0	NaN
2005	1	21	0	37	42	0	NaN
2005	1	21	0	38	46	0	NaN
2005	1	21	0	39	50	0	NaN
2005	1	21	0	40	54	0	NaN
2005	1	21	0	41	58	0	NaN
2005	1	21	0	43	2	0	NaN
2005	1	21	0	44	6	0	NaN
2005	1	21	0	45	10	0	NaN
2005	1	21	0	46	14	0	NaN
2005	1	21	0	47	18	0	NaN
2005	1	21	0	48	22	0	NaN
2005	1	21	0	49	26	0	NaN
2005	1	21	0	50	30	0	NaN
2005	1	21	0	51	34	0	NaN
2005	1	21	0	52	38	0	NaN
2005	1	21	0	53	42	0	NaN
2005	1	21	0	54	46	0	NaN
2005	1	21	0	55	50	0	NaN
2005	1	21	0	56	54	0	NaN
2005	1	21	0	57	58	0	NaN
2005	1	21	0	59	2	0	NaN
2005	1	21	1	0	6	0	NaN
2005	1	21	1	1	10	0	NaN
2005	1	21	1	2	14	0	NaN
2005	1	21	1	3	18	0	NaN
2005	1	21	1	4	22	0	NaN
2005	1	21	1	5	26	0	NaN
2005	1	21	1	6	30	0	NaN
2005	1	21	1	7	34	0	NaN
2005	1	21	1	8	38	0	NaN
2005	1	21	1	9	42	0	NaN
2005	1	21	1	10	46	0	NaN
2005	1	21	1	11	50	0	NaN
2005	1	21	1	12	54	0	NaN
2005	1	21	1	13	58	0	NaN
2005	1	21	1	15	2	0	NaN
2005	1	21	1	16	6	0	NaN
2005	1	21	1	17	10	0	NaN
2005	1	21	1	18	14	0	NaN
2005	1	21	1	19	18	0	NaN
2005	1	21	1	20	22	0	NaN
2005	1	21	1	21	26	0	NaN
2005	1	21	1	22	30	0	NaN
2005	1	21	1	23	34	0	NaN
2005	1	21	1	24	38	0	NaN
2005	1	21	1	25	42	0	NaN
2005	1	21	1	26	46	0	NaN
2005	1	21	1	27	50	0	NaN
2005	1	21	1	28	54	0	NaN
2005	1	21	1	29	58	0	NaN
2005	1	21	1	31	2	0	NaN
2005	1	21	1	32	6	0	NaN
2005	1	21	1	33	10	0	NaN
2005	1	21	1	34	14	0	NaN
2005	1	21	1	35	18	0	NaN
2005	1	21	1	36	22	0	NaN
2005	1	21	1	37	26	0	NaN
2005	1	21	1	38	30	0	NaN
2005	1	21	1	39	34	0	NaN
2005	1	21	1	40	38	0	NaN
2005	1	21	1	41	42	0	NaN
2005	1	21	1	42	46	0	NaN
2005	1	21	1	43	50	0	NaN
2005	1	21	1	44	54	0	NaN
2005	1	21	1	45	58	0	NaN
2005	1	21	1	47	2	0	NaN
2005	1	21	1	48	6	0	NaN
2005	1	21	1	49	10	0	NaN
2005	1	21	1	50	14	0	NaN
2005	1	21	1	51	18	0	NaN
2005	1	21	1	52	22	0	NaN
2005	1	21	1	53	26	0	NaN
2005	1	21	1	54	30	0	NaN
2005	1	21	1	55	34	0	NaN
2005	1	21	1	56	38	0	NaN
2005	1	21	1	57	42	0	NaN
2005	1	21	1	58	46	0	NaN
2005	1	21	1	59	50	0	NaN
2005	1	21	2	0	54	0	NaN
2005	1	21	2	1	58	0	NaN
2005	1	21	2	3	2	0	NaN
2005	1	21	2	4	6	0	NaN
2005	1	21	2	5	10	0	NaN
2005	1	21	2	6	14	0	NaN
2005	1	21	2	7	18	0	NaN
2005	1	21	2	8	22	0	NaN
2005	1	21	2	9	26	0	NaN
2005	1	21	2	10	30	0	NaN
2005	1	21	2	11	34	0	NaN
2005	1	21	2	12	38	0	NaN
2005	1	21	2	13	42	0	NaN
2005	1	21	2	14	46	0	NaN
2005	1	21	2	15	50	0	NaN
2005	1	21	2	16	54	0	NaN
2005	1	21	2	17	58	0	NaN
2005	1	21	2	19	2	0	NaN
2005	1	21	2	20	6	0	NaN
2005	1	21	2	21	10	0	NaN
2005	1	21	2	22	14	0	NaN
2005	1	21	2	23	18	0	NaN
2005	1	21	2	24	22	0	NaN
2005	1	21	2	25	26	0	NaN
2005	1	21	2	26	30	0	NaN
2005	1	21	2	27	34	0	NaN
2005	1	21	2	28	38	0	NaN
2005	1	21	2	29	42	0	NaN
2005	1	21	2	30	46	0	NaN
2005	1	21	2	31	50	0	NaN
2005	1	21	2	32	54	0	NaN
2005	1	21	2	33	58	0	NaN
2005	1	21	2	35	2	0	NaN
2005	1	21	2	36	6	0	NaN
2005	1	21	2	37	10	0	NaN
2005	1	21	2	38	14	0	NaN
2005	1	21	2	39	18	0	NaN
2005	1	21	2	40	22	0	NaN
2005	1	21	2	41	26	0	NaN
2005	1	21	2	42	30	0	NaN
2005	1	21	2	43	34	0	NaN
2005	1	21	2	44	38	0	NaN
2005	1	21	2	45	42	0	NaN
2005	1	21	2	46	46	0	NaN
2005	1	21	2	47	50	0	NaN
2005	1	21	2	48	54	0	NaN
2005	1	21	2	49	58	0	NaN
2005	1	21	2	51	2	0	NaN
2005	1	21	2	52	6	0	NaN
2005	1	21	2	53	10	0	NaN
2005	1	21	2	54	14	0	NaN
2005	1	21	2	55	18	0	NaN
2005	1	21	2	56	22	0	NaN
2005	1	21	2	57	26	0	NaN
2005	1	21	2	58	30	0	NaN
2005	1	21	2	59	34	0	NaN
2005	1	21	3	0	38	0	NaN
2005	1	21	3	1	42	0	NaN
2005	1	21	3	2	46	0	NaN
2005	1	21	3	3	50	0	NaN
2005	1	21	3	4	54	0	NaN
2005	1	21	3	5	58	0	NaN
2005	1	21	3	7	2	0	NaN
2005	1	21	3	8	6	0	NaN
2005	1	21	3	9	10	0	NaN
2005	1	21	3	10	14	0	NaN
2005	1	21	3	11	18	0	NaN
2005	1	21	3	12	22	0	NaN
2005	1	21	3	13	26	0	NaN
2005	1	21	3	14	30	0	NaN
2005	1	21	3	15	34	0	NaN
2005	1	21	3	16	38	0	NaN
2005	1	21	3	17	42	0	NaN
2005	1	21	3	18	46	0	NaN
2005	1	21	3	19	50	0	NaN
2005	1	21	3	20	54	0	NaN
2005	1	21	3	21	58	0	NaN
2005	1	21	3	23	2	0	NaN
2005	1	21	3	24	6	0	NaN
2005	1	21	3	25	10	0	NaN
2005	1	21	3	26	14	0	NaN
2005	1	21	3	27	18	0	NaN
2005	1	21	3	28	22	0	NaN
2005	1	21	3	29	26	0	NaN
2005	1	21	3	30	30	0	NaN
2005	1	21	3	31	34	0	NaN
2005	1	21	3	32	38	0	NaN
2005	1	21	3	33	42	0	NaN
2005	1	21	3	34	46	0	NaN
2005	1	21	3	35	50	0	NaN
2005	1	21	3	36	54	0	NaN
2005	1	21	3	37	58	0	NaN
2005	1	21	3	39	2	0	NaN
2005	1	21	3	40	6	0	NaN
2005	1	21	3	41	10	0	NaN
2005	1	21	3	42	14	0	NaN
2005	1	21	3	43	18	0	NaN
2005	1	21	3	44	22	0	NaN
2005	1	21	3	45	26	0	NaN
2005	1	21	3	46	30	0	NaN
2005	1	21	3	47	34	0	NaN
2005	1	21	3	48	38	0	NaN
2005	1	21	3	49	42	0	NaN
2005	1	21	3	50	46	0	NaN
2005	1	21	3	51	50	0	NaN
2005	1	21	3	52	54	0	NaN
2005	1	21	3	53	58	0	NaN
2005	1	21	3	55	2	0	NaN
2005	1	21	3	56	6	0	NaN
2005	1	21	3	57	10	0	NaN
2005	1	21	3	58	14	0	NaN
2005	1	21	3	59	18	0	NaN
2005	1	21	4	0	22	0	NaN
2005	1	21	4	1	26	0	NaN
2005	1	21	4	2	30	0	4.718
2005	1	21	4	3	34	0	3.192
2005	1	21	4	4	38	0	2.823
2005	1	21	4	5	42	0	2.175
2005	1	21	4	6	46	0	3.235
2005	1	21	4	7	50	0	3.1
2005	1	21	4	8	54	0	3.229
2005	1	21	4	9	58	0	3.094
2005	1	21	4	11	2	0	3.029
2005	1	21	4	12	6	0	3
2005	1	21	4	13	10	0	3.488
2005	1	21	4	14	14	0	3.274
2005	1	21	4	15	18	0	3.041
2005	1	21	4	16	22	0	NaN
2005	1	21	4	17	26	0	3.397
2005	1	21	4	18	30	0	NaN
2005	1	21	4	19	34	0	NaN
2005	1	21	4	20	38	0	NaN
2005	1	21	4	21	42	0	NaN
2005	1	21	4	22	46	0	NaN
2005	1	21	4	23	50	0	NaN
2005	1	21	4	24	54	0	NaN
2005	1	21	4	25	58	0	3.373
2005	1	21	4	27	2	0	3.486
2005	1	21	4	28	6	0	3.838
2005	1	21	4	29	10	0	3.055
2005	1	21	4	30	14	0	3.83
2005	1	21	4	31	18	0	3.214
2005	1	21	4	32	22	0	3.521
2005	1	21	4	33	26	0	3.015
2005	1	21	4	34	30	0	3.591
2005	1	21	4	35	34	0	3.352
2005	1	21	4	36	38	0	3.115
2005	1	21	4	37	42	0	3.264
2005	1	21	4	38	46	0	3.416
2005	1	21	4	39	50	0	3.624
2005	1	21	4	40	54	0	3.287
2005	1	21	4	41	58	0	3.317
2005	1	21	4	43	2	0	3.458
2005	1	21	4	44	6	0	3.749
2005	1	21	4	45	10	0	3.477
2005	1	21	4	46	14	0	3.351
2005	1	21	4	47	18	0	3.314
2005	1	21	4	48	22	0	4.089
2005	1	21	4	49	26	0	NaN
2005	1	21	4	50	30	0	NaN
2005	1	21	4	51	34	0	NaN
2005	1	21	4	52	38	0	NaN
2005	1	21	4	53	42	0	NaN
2005	1	21	4	54	46	0	NaN
2005	1	21	4	55	50	0	NaN
2005	1	21	4	56	54	0	NaN
2005	1	21	4	57	58	0	NaN
2005	1	21	4	59	2	0	NaN
2005	1	21	5	0	6	0	NaN
2005	1	21	5	1	10	0	NaN
2005	1	21	5	2	14	0	NaN
2005	1	21	5	3	18	0	4.196
2005	1	21	5	4	22	0	3.561
2005	1	21	5	5	26	0	3.141
2005	1	21	5	6	30	0	3.825
2005	1	21	5	7	34	0	3.981
2005	1	21	5	8	38	0	3.326
2005	1	21	5	9	42	0	4.371
2005	1	21	5	10	46	0	3.892
2005	1	21	5	11	50	0	3.311
2005	1	21	5	12	54	0	3.756
2005	1	21	5	13	58	0	3.041
2005	1	21	5	15	2	0	3.844
2005	1	21	5	16	6	0	3.744
2005	1	21	5	17	10	0	3.855
2005	1	21	5	18	14	0	4.349
2005	1	21	5	19	18	0	3.727
2005	1	21	5	20	22	0	4.601
2005	1	21	5	21	26	0	3.461
2005	1	21	5	22	30	0	NaN
2005	1	21	5	23	34	0	3.845
2005	1	21	5	24	38	0	3.339
2005	1	21	5	25	42	0	3.831
2005	1	21	5	26	46	0	3.729
2005	1	21	5	27	50	0	3.707
2005	1	21	5	28	54	0	3.56
2005	1	21	5	29	58	0	3.982
2005	1	21	5	31	2	0	3.532
2005	1	21	5	32	6	0	4.146
2005	1	21	5	33	10	0	3.572
2005	1	21	5	34	14	0	3.717
2005	1	21	5	35	18	0	4.447
2005	1	21	5	36	22	0	3.734
2005	1	21	5	37	26	0	3.929
2005	1	21	5	38	30	0	3.921
2005	1	21	5	39	34	0	3.506
2005	1	21	5	40	38	0	3.67
2005	1	21	5	41	42	0	3.473
2005	1	21	5	42	46	0	3.808
2005	1	21	5	43	50	0	3.663
2005	1	21	5	44	54	0	3.97
2005	1	21	5	45	58	0	3.66
2005	1	21	5	47	2	0	3.781
2005	1	21	5	48	6	0	3.759
2005	1	21	5	49	10	0	4.157
2005	1	21	5	50	14	0	3.742
2005	1	21	5	51	18	0	3.875
2005	1	21	5	52	22	0	4.374
2005	1	21	5	53	26	0	3.948
2005	1	21	5	54	30	0	3.877
2005	1	21	5	55	34	0	NaN
2005	1	21	5	56	38	0	NaN
2005	1	21	5	57	42	0	NaN
2005	1	21	5	58	46	0	3.78
2005	1	21	5	59	50	0	3.561
2005	1	21	6	0	54	0	3.67
2005	1	21	6	1	58	0	3.556
2005	1	21	6	3	2	0	NaN
2005	1	21	6	4	6	0	NaN
2005	1	21	6	5	10	0	5.268
2005	1	21	6	6	14	0	4.108
2005	1	21	6	7	18	0	4.317
2005	1	21	6	8	22	0	3.882
2005	1	21	6	9	26	0	4.231
2005	1	21	6	10	30	0	3.218
2005	1	21	6	11	34	0	4.084
2005	1	21	6	12	38	0	3.079
2005	1	21	6	13	42	0	4.188
2005	1	21	6	14	46	0	3.699
2005	1	21	6	15	50	0	3.413
2005	1	21	6	16	54	0	3.099
2005	1	21	6	17	58	0	3.539
2005	1	21	6	19	2	0	3.319
2005	1	21	6	20	6	0	3.366
2005	1	21	6	21	10	0	3.308
2005	1	21	6	22	14	0	4.098
2005	1	21	6	23	18	0	3.018
2005	1	21	6	24	22	0	3.575
2005	1	21	6	25	26	0	4.779
2005	1	21	6	26	30	0	3.501
2005	1	21	6	27	34	0	3.701
2005	1	21	6	28	38	0	NaN
2005	1	21	6	29	42	0	3.862
2005	1	21	6	30	46	0	3.515
2005	1	21	6	31	50	0	3.878
2005	1	21	6	32	54	0	3.444
2005	1	21	6	33	58	0	3.396
2005	1	21	6	35	2	0	4.347
2005	1	21	6	36	6	0	3.285
2005	1	21	6	37	10	0	3.553
2005	1	21	6	38	14	0	4.077
2005	1	21	6	39	18	0	3.315
2005	1	21	6	40	22	0	3.661
2005	1	21	6	41	26	0	3.131
2005	1	21	6	42	30	0	3.181
2005	1	21	6	43	34	0	3.73
2005	1	21	6	44	38	0	3.215
2005	1	21	6	45	42	0	3.122
2005	1	21	6	46	46	0	3.156
2005	1	21	6	47	50	0	3.907
2005	1	21	6	48	54	0	3.832
2005	1	21	6	49	58	0	3.914
2005	1	21	6	51	2	0	3.854
2005	1	21	6	52	6	0	3.289
2005	1	21	6	53	10	0	3.797
2005	1	21	6	54	14	0	3.774
2005	1	21	6	55	18	0	3.449
2005	1	21	6	56	22	0	3.484
2005	1	21	6	57	26	0	3.524
2005	1	21	6	58	30	0	4.005
2005	1	21	6	59	34	0	3.685
2005	1	21	7	0	38	0	3.841
2005	1	21	7	1	42	0	NaN
2005	1	21	7	2	46	0	4.007
2005	1	21	7	3	50	0	3.443
2005	1	21	7	4	54	0	3.417
2005	1	21	7	5	58	0	3.679
2005	1	21	7	7	2	0	3.932
2005	1	21	7	8	6	0	3.955
2005	1	21	7	9	10	0	3.903
2005	1	21	7	10	14	0	3.928
2005	1	21	7	11	18	0	3.99
2005	1	21	7	12	22	0	3.843
2005	1	21	7	13	26	0	3.939
2005	1	21	7	14	30	0	4.041
2005	1	21	7	15	34	0	3.8
2005	1	21	7	16	38	0	4.728
2005	1	21	7	17	42	0	3.675
2005	1	21	7	18	46	0	3.718
2005	1	21	7	19	50	0	3.521
2005	1	21	7	20	54	0	3.708
2005	1	21	7	21	58	0	3.647
2005	1	21	7	23	2	0	2.948
2005	1	21	7	24	6	0	3.627
2005	1	21	7	25	10	0	3.356
2005	1	21	7	26	14	0	3.243
2005	1	21	7	27	18	0	3.265
2005	1	21	7	28	22	0	3.515
2005	1	21	7	29	26	0	3.867
2005	1	21	7	30	30	0	3.717
2005	1	21	7	31	34	0	3.661
2005	1	21	7	32	38	0	3.716
2005	1	21	7	33	42	0	3.786
2005	1	21	7	34	46	0	NaN
2005	1	21	7	35	50	0	3.841
2005	1	21	7	36	54	0	3.598
2005	1	21	7	37	58	0	4.127
2005	1	21	7	39	2	0	3.855
2005	1	21	7	40	6	0	3.93
2005	1	21	7	41	10	0	3.885
2005	1	21	7	42	14	0	5.003
2005	1	21	7	43	18	0	3.646
2005	1	21	7	44	22	0	3.758
2005	1	21	7	45	26	0	3.369
2005	1	21	7	46	30	0	4.144
2005	1	21	7	47	34	0	3.516
2005	1	21	7	48	38	0	3.715
2005	1	21	7	49	42	0	3.294
2005	1	21	7	50	46	0	3.867
2005	1	21	7	51	50	0	3.965
2005	1	21	7	52	54	0	3.957
2005	1	21	7	53	58	0	3.767
2005	1	21	7	55	2	0	4.049
2005	1	21	7	56	6	0	4.315
2005	1	21	7	57	10	0	4.128
2005	1	21	7	58	14	0	3.971
2005	1	21	7	59	18	0	3.953
2005	1	21	8	0	22	0	4.31
2005	1	21	8	1	26	0	5.029
2005	1	21	8	2	30	0	3.6
2005	1	21	8	3	34	0	4.047
2005	1	21	8	4	38	0	3.624
2005	1	21	8	5	42	0	3.816
2005	1	21	8	6	46	0	3.679
2005	1	21	8	7	50	0	NaN
2005	1	21	8	8	54	0	4.266
2005	1	21	8	9	58	0	3.669
2005	1	21	8	11	2	0	3.452
2005	1	21	8	12	6	0	4.36
2005	1	21	8	13	10	0	3.956
2005	1	21	8	14	14	0	3.778
2005	1	21	8	15	18	0	3.82
2005	1	21	8	16	22	0	3.785
2005	1	21	8	17	26	0	3.887
2005	1	21	8	18	30	0	4.106
2005	1	21	8	19	34	0	4.055
2005	1	21	8	20	38	0	4.552
2005	1	21	8	21	42	0	4.477
2005	1	21	8	22	46	0	3.324
2005	1	21	8	23	50	0	3.901
2005	1	21	8	24	54	0	4.63
2005	1	21	8	25	58	0	3.914
2005	1	21	8	27	2	0	4.278
2005	1	21	8	28	6	0	4.06
2005	1	21	8	29	10	0	3.814
2005	1	21	8	30	14	0	3.64
2005	1	21	8	31	18	0	3.329
2005	1	21	8	32	22	0	3.358
2005	1	21	8	33	26	0	3.626
2005	1	21	8	34	30	0	4.069
2005	1	21	8	35	34	0	4.073
2005	1	21	8	36	38	0	3.786
2005	1	21	8	37	42	0	3.594
2005	1	21	8	38	46	0	3.793
2005	1	21	8	39	50	0	3.86
2005	1	21	8	40	54	0	NaN
2005	1	21	8	41	58	0	3.875
2005	1	21	8	43	2	0	3.996
2005	1	21	8	44	6	0	3.75
2005	1	21	8	45	10	0	3.742
2005	1	21	8	46	14	0	3.933
2005	1	21	8	47	18	0	3.654
2005	1	21	8	48	22	0	3.082
2005	1	21	8	49	26	0	3.484
2005	1	21	8	50	30	0	3.485
2005	1	21	8	51	34	0	3.47
2005	1	21	8	52	38	0	3.55
2005	1	21	8	53	42	0	3.596
2005	1	21	8	54	46	0	3.303
2005	1	21	8	55	50	0	3.343
2005	1	21	8	56	54	0	3.776
2005	1	21	8	57	58	0	4.042
2005	1	21	8	59	2	0	3.902
2005	1	21	9	0	6	0	3.994
2005	1	21	9	1	10	0	4.073
2005	1	21	9	2	14	0	3.956
2005	1	21	9	3	18	0	4.837
2005	1	21	9	4	22	0	4.372
2005	1	21	9	5	26	0	4.328
2005	1	21	9	6	30	0	3.873
2005	1	21	9	7	34	0	4.097
2005	1	21	9	8	38	0	3.939
2005	1	21	9	9	42	0	4.129
2005	1	21	9	10	46	0	3.864
2005	1	21	9	11	50	0	4.247
2005	1	21	9	12	54	0	4.133
2005	1	21	9	13	58	0	NaN
2005	1	21	9	15	2	0	4.257
2005	1	21	9	16	6	0	3.927
2005	1	21	9	17	10	0	4.134
2005	1	21	9	18	14	0	3.955
2005	1	21	9	19	18	0	4.083
2005	1	21	9	20	22	0	4.179
2005	1	21	9	21	26	0	3.55
2005	1	21	9	22	30	0	4.117
2005	1	21	9	23	34	0	3.15
2005	1	21	9	24	38	0	3.981
2005	1	21	9	25	42	0	3.555
2005	1	21	9	26	46	0	3.75
2005	1	21	9	27	50	0	4.37
2005	1	21	9	28	54	0	4.152
2005	1	21	9	29	58	0	3.633
2005	1	21	9	31	2	0	3.9
2005	1	21	9	32	6	0	3.982
2005	1	21	9	33	10	0	3.992
2005	1	21	9	34	14	0	3.534
2005	1	21	9	35	18	0	4.135
2005	1	21	9	36	22	0	3.815
2005	1	21	9	37	26	0	3.872
2005	1	21	9	38	30	0	4.537
2005	1	21	9	39	34	0	4.36
2005	1	21	9	40	38	0	5.338
2005	1	21	9	41	42	0	4.796
2005	1	21	9	42	46	0	4.691
2005	1	21	9	43	50	0	4.223
2005	1	21	9	44	54	0	4.523
2005	1	21	9	45	58	0	4.591
2005	1	21	9	47	2	0	NaN
2005	1	21	9	48	6	0	4.661
2005	1	21	9	49	10	0	4.279
2005	1	21	9	50	14	0	4.896
2005	1	21	9	51	18	0	4.17
2005	1	21	9	52	22	0	3.949
2005	1	21	9	53	26	0	4.348
2005	1	21	9	54	30	0	3.946
2005	1	21	9	55	34	0	3.902
2005	1	21	9	56	38	0	3.671
2005	1	21	9	57	42	0	4.007
2005	1	21	9	58	46	0	3.697
2005	1	21	9	59	50	0	3.614
2005	1	21	10	0	54	0	4.614
2005	1	21	10	1	58	0	3.635
2005	1	21	10	3	2	0	3.84
2005	1	21	10	4	6	0	4.028
2005	1	21	10	5	10	0	3.443
2005	1	21	10	6	14	0	4.399
2005	1	21	10	7	18	0	3.964
2005	1	21	10	8	22	0	3.962
2005	1	21	10	9	26	0	4.187
2005	1	21	10	10	30	0	4.623
2005	1	21	10	11	34	0	4.265
2005	1	21	10	12	38	0	4.206
2005	1	21	10	13	42	0	3.579
2005	1	21	10	14	46	0	3.183
2005	1	21	10	15	50	0	4.176
2005	1	21	10	16	54	0	3.871
2005	1	21	10	17	58	0	4.247
2005	1	21	10	19	2	0	4.054
2005	1	21	10	20	6	0	NaN
2005	1	21	10	21	10	0	4.368
2005	1	21	10	22	14	0	4.25
2005	1	21	10	23	18	0	3.278
2005	1	21	10	24	22	0	3.375
2005	1	21	10	25	26	0	4.147
2005	1	21	10	26	30	0	3.862
2005	1	21	10	27	34	0	3.859
2005	1	21	10	28	38	0	3.689
2005	1	21	10	29	42	0	3.918
2005	1	21	10	30	46	0	3.694
2005	1	21	10	31	50	0	3.784
2005	1	21	10	32	54	0	3.544
2005	1	21	10	33	58	0	4.254
2005	1	21	10	35	2	0	3.71
2005	1	21	10	36	6	0	3.632
2005	1	21	10	37	10	0	3.577
2005	1	21	10	38	14	0	4.216
2005	1	21	10	39	18	0	3.387
2005	1	21	10	40	22	0	2.776
2005	1	21	10	41	26	0	4.267
2005	1	21	10	42	30	0	3.859
2005	1	21	10	43	34	0	3.684
2005	1	21	10	44	38	0	3.819
2005	1	21	10	45	42	0	3.647
2005	1	21	10	46	46	0	3.595
2005	1	21	10	47	50	0	3.311
2005	1	21	10	48	54	0	3.77
2005	1	21	10	49	58	0	3.981
2005	1	21	10	51	2	0	4.314
2005	1	21	10	52	6	0	3.888
2005	1	21	10	53	10	0	NaN
2005	1	21	10	54	14	0	4.774
2005	1	21	10	55	18	0	3.602
2005	1	21	10	56	22	0	4.197
2005	1	21	10	57	26	0	3.883
2005	1	21	10	58	30	0	4.147
2005	1	21	10	59	34	0	4.203
2005	1	21	11	0	38	0	3.129
2005	1	21	11	1	42	0	3.634
2005	1	21	11	2	46	0	4.154
2005	1	21	11	3	50	0	3.691
2005	1	21	11	4	54	0	3.212
2005	1	21	11	5	58	0	3.086
2005	1	21	11	7	2	0	3.03
2005	1	21	11	8	6	0	3.026
2005	1	21	11	9	10	0	3.338
2005	1	21	11	10	14	0	3.95
2005	1	21	11	11	18	0	3.57
2005	1	21	11	12	22	0	4.8
2005	1	21	11	13	26	0	4.236
2005	1	21	11	14	30	0	4.353
2005	1	21	11	15	34	0	4.476
2005	1	21	11	16	38	0	3.991
2005	1	21	11	17	42	0	4.245
2005	1	21	11	18	46	0	4.235
2005	1	21	11	19	50	0	3.957
2005	1	21	11	20	54	0	3.878
2005	1	21	11	21	58	0	4.243
2005	1	21	11	23	2	0	4.135
2005	1	21	11	24	6	0	3.804
2005	1	21	11	25	10	0	3.75
2005	1	21	11	26	14	0	NaN
2005	1	21	11	27	18	0	4.646
2005	1	21	11	28	22	0	4.488
2005	1	21	11	29	26	0	4.551
2005	1	21	11	30	30	0	4.325
2005	1	21	11	31	34	0	4.653
2005	1	21	11	32	38	0	4.288
2005	1	21	11	33	42	0	4.471
2005	1	21	11	34	46	0	4.956
2005	1	21	11	35	50	0	4.527
2005	1	21	11	36	54	0	5.095
2005	1	21	11	37	58	0	3.811
2005	1	21	11	39	2	0	4.744
2005	1	21	11	40	6	0	4.77
2005	1	21	11	41	10	0	4.485
2005	1	21	11	42	14	0	4.572
2005	1	21	11	43	18	0	4.196
2005	1	21	11	44	22	0	4.196
2005	1	21	11	45	26	0	3.732
2005	1	21	11	46	30	0	3.263
2005	1	21	11	47	34	0	3.89
2005	1	21	11	48	38	0	4.325
2005	1	21	11	49	42	0	3.948
2005	1	21	11	50	46	0	4.838
2005	1	21	11	51	50	0	3.361
2005	1	21	11	52	54	0	3.899
2005	1	21	11	53	58	0	3.982
2005	1	21	11	55	2	0	4.438
2005	1	21	11	56	6	0	4.166
2005	1	21	11	57	10	0	3.843
2005	1	21	11	58	14	0	4.386
2005	1	21	11	59	18	0	NaN
2005	1	21	12	0	22	0	3.783
2005	1	21	12	1	26	0	4.111
2005	1	21	12	2	30	0	3.84
2005	1	21	12	3	34	0	4.17
2005	1	21	12	4	38	0	3.766
2005	1	21	12	5	42	0	3.714
2005	1	21	12	6	46	0	3.451
2005	1	21	12	7	50	0	3.794
2005	1	21	12	8	54	0	3.649
2005	1	21	12	9	58	0	3.833
2005	1	21	12	11	2	0	3.943
2005	1	21	12	12	6	0	4.495
2005	1	21	12	13	10	0	3.621
2005	1	21	12	14	14	0	4.092
2005	1	21	12	15	18	0	3.802
2005	1	21	12	16	22	0	3.631
2005	1	21	12	17	26	0	3.913
2005	1	21	12	18	30	0	3.716
2005	1	21	12	19	34	0	4.031
2005	1	21	12	20	38	0	3.823
2005	1	21	12	21	42	0	3.97
2005	1	21	12	22	46	0	3.489
2005	1	21	12	23	50	0	4.063
2005	1	21	12	24	54	0	3.499
2005	1	21	12	25	58	0	3.591
2005	1	21	12	27	2	0	4.164
2005	1	21	12	28	6	0	4.315
2005	1	21	12	29	10	0	3.911
2005	1	21	12	30	14	0	3.757
2005	1	21	12	31	18	0	4.154
2005	1	21	12	32	22	0	NaN
2005	1	21	12	33	26	0	3.611
2005	1	21	12	34	30	0	5.433
2005	1	21	12	35	34	0	3.878
2005	1	21	12	36	38	0	4.229
2005	1	21	12	37	42	0	4.3
2005	1	21	12	38	46	0	4.332
2005	1	21	12	39	50	0	4.207
2005	1	21	12	40	54	0	4.452
2005	1	21	12	41	58	0	4.401
2005	1	21	12	43	2	0	4.379
2005	1	21	12	44	6	0	4.476
2005	1	21	12	45	10	0	4.666
2005	1	21	12	46	14	0	4.592
2005	1	21	12	47	18	0	4.048
2005	1	21	12	48	22	0	4.245
2005	1	21	12	49	26	0	4.049
2005	1	21	12	50	30	0	4.173
2005	1	21	12	51	34	0	4.39
2005	1	21	12	52	38	0	4.622
2005	1	21	12	53	42	0	4.214
2005	1	21	12	54	46	0	4.621
2005	1	21	12	55	50	0	4.695
2005	1	21	12	56	54	0	4.494
2005	1	21	12	57	58	0	4.239
2005	1	21	12	59	2	0	4.234
2005	1	21	13	0	6	0	4.077
2005	1	21	13	1	10	0	4.378
2005	1	21	13	2	14	0	4.732
2005	1	21	13	3	18	0	3.694
2005	1	21	13	4	22	0	4.201
2005	1	21	13	5	26	0	NaN
2005	1	21	13	6	30	0	4.116
2005	1	21	13	7	34	0	4.423
2005	1	21	13	8	38	0	4.634
2005	1	21	13	9	42	0	4.436
2005	1	21	13	10	46	0	4.378
2005	1	21	13	11	50	0	3.841
2005	1	21	13	12	54	0	4.793
2005	1	21	13	13	58	0	4.97
2005	1	21	13	15	2	0	4.532
2005	1	21	13	16	6	0	4.746
2005	1	21	13	17	10	0	5.093
2005	1	21	13	18	14	0	4.543
2005	1	21	13	19	18	0	4.865
2005	1	21	13	20	22	0	4.806
2005	1	21	13	21	26	0	4.616
2005	1	21	13	22	30	0	4.557
2005	1	21	13	23	34	0	4.71
2005	1	21	13	24	38	0	4.896
2005	1	21	13	25	42	0	4.275
2005	1	21	13	26	46	0	4.112
2005	1	21	13	27	50	0	4.672
2005	1	21	13	28	54	0	4.795
2005	1	21	13	29	58	0	3.73
2005	1	21	13	31	2	0	4.936
2005	1	21	13	32	6	0	4.938
2005	1	21	13	33	10	0	3.623
2005	1	21	13	34	14	0	4.42
2005	1	21	13	35	18	0	4.503
2005	1	21	13	36	22	0	4.177
2005	1	21	13	37	26	0	4.552
2005	1	21	13	38	30	0	NaN
2005	1	21	13	39	34	0	4.747
2005	1	21	13	40	38	0	3.967
2005	1	21	13	41	42	0	4.355
2005	1	21	13	42	46	0	4.424
2005	1	21	13	43	50	0	4.024
2005	1	21	13	44	54	0	4.195
2005	1	21	13	45	58	0	4.128
2005	1	21	13	47	2	0	4.87
2005	1	21	13	48	6	0	3.897
2005	1	21	13	49	10	0	3.984
2005	1	21	13	50	14	0	3.347
2005	1	21	13	51	18	0	3.948
2005	1	21	13	52	22	0	4.257
2005	1	21	13	53	26	0	3.906
2005	1	21	13	54	30	0	3.883
2005	1	21	13	55	34	0	3.425
2005	1	21	13	56	38	0	4.604
2005	1	21	13	57	42	0	4.044
2005	1	21	13	58	46	0	4.017
2005	1	21	13	59	50	0	4.438
2005	1	21	14	0	54	0	4.041
2005	1	21	14	1	58	0	4.452
2005	1	21	14	3	2	0	4.315
2005	1	21	14	4	6	0	4.486
2005	1	21	14	5	10	0	4.323
2005	1	21	14	6	14	0	4.248
2005	1	21	14	7	18	0	3.887
2005	1	21	14	8	22	0	4.475
2005	1	21	14	9	26	0	4.28
2005	1	21	14	10	30	0	4.088
2005	1	21	14	11	34	0	NaN
2005	1	21	14	12	38	0	3.997
2005	1	21	14	13	42	0	4.088
2005	1	21	14	14	46	0	5.141
2005	1	21	14	15	50	0	3.934
2005	1	21	14	16	54	0	4.155
2005	1	21	14	17	58	0	3.403
2005	1	21	14	19	2	0	4.179
2005	1	21	14	20	6	0	3.566
2005	1	21	14	21	10	0	4.275
2005	1	21	14	22	14	0	3.867
2005	1	21	14	23	18	0	3.732
2005	1	21	14	24	22	0	4.189
2005	1	21	14	25	26	0	4.785
2005	1	21	14	26	30	0	4.177
2005	1	21	14	27	34	0	4.376
2005	1	21	14	28	38	0	4.393
2005	1	21	14	29	42	0	3.685
2005	1	21	14	30	46	0	4.299
2005	1	21	14	31	50	0	3.81
2005	1	21	14	32	54	0	4.297
2005	1	21	14	33	58	0	4.465
2005	1	21	14	35	2	0	4.342
2005	1	21	14	36	6	0	4.474
2005	1	21	14	37	10	0	4.236
2005	1	21	14	38	14	0	4.021
2005	1	21	14	39	18	0	4.397
2005	1	21	14	40	22	0	4.536
2005	1	21	14	41	26	0	4.628
2005	1	21	14	42	30	0	4.78
2005	1	21	14	43	34	0	4.9
2005	1	21	14	44	38	0	NaN
2005	1	21	14	45	42	0	4.322
2005	1	21	14	46	46	0	4.377
2005	1	21	14	47	50	0	4.266
2005	1	21	14	48	54	0	4.019
2005	1	21	14	49	58	0	NaN
2005	1	21	14	51	2	0	4.144
2005	1	21	14	52	6	0	4.563
2005	1	21	14	53	10	0	4.029
2005	1	21	14	54	14	0	4.136
2005	1	21	14	55	18	0	4.224
2005	1	21	14	56	22	0	5.184
2005	1	21	14	57	26	0	4.056
2005	1	21	14	58	30	0	4.366
2005	1	21	14	59	34	0	3.913
2005	1	21	15	0	38	0	3.69
2005	1	21	15	1	42	0	4.166
2005	1	21	15	2	46	0	4.107
2005	1	21	15	3	50	0	4.704
2005	1	21	15	4	54	0	4.184
2005	1	21	15	5	58	0	5.006
2005	1	21	15	7	2	0	4.698
2005	1	21	15	8	6	0	4.394
2005	1	21	15	9	10	0	3.799
2005	1	21	15	10	14	0	4.043
2005	1	21	15	11	18	0	4.12
2005	1	21	15	12	22	0	4.037
2005	1	21	15	13	26	0	4.281
2005	1	21	15	14	30	0	4.017
2005	1	21	15	15	34	0	4.467
2005	1	21	15	16	38	0	4.232
2005	1	21	15	17	42	0	NaN
2005	1	21	15	18	46	0	4.236
2005	1	21	15	19	50	0	4.572
2005	1	21	15	20	54	0	4.185
2005	1	21	15	21	58	0	3.996
2005	1	21	15	23	2	0	3.977
2005	1	21	15	24	6	0	4.803
2005	1	21	15	25	10	0	NaN
2005	1	21	15	26	14	0	4.159
2005	1	21	15	27	18	0	4.181
2005	1	21	15	28	22	0	4.34
2005	1	21	15	29	26	0	4.297
2005	1	21	15	30	30	0	4.049
2005	1	21	15	31	34	0	3.785
2005	1	21	15	32	38	0	4.147
2005	1	21	15	33	42	0	5.417
2005	1	21	15	34	46	0	4.719
2005	1	21	15	35	50	0	3.982
2005	1	21	15	36	54	0	4.895
2005	1	21	15	37	58	0	4.14
2005	1	21	15	39	2	0	3.971
2005	1	21	15	40	6	0	4.226
2005	1	21	15	41	10	0	3.666
2005	1	21	15	42	14	0	4.048
2005	1	21	15	43	18	0	3.579
2005	1	21	15	44	22	0	3.814
2005	1	21	15	45	26	0	3.938
2005	1	21	15	46	30	0	3.931
2005	1	21	15	47	34	0	3.845
2005	1	21	15	48	38	0	3.739
2005	1	21	15	49	42	0	4.03
2005	1	21	15	50	46	0	NaN
2005	1	21	15	51	50	0	3.502
2005	1	21	15	52	54	0	3.846
2005	1	21	15	53	58	0	3.727
2005	1	21	15	55	2	0	3.504
2005	1	21	15	56	6	0	4.046
2005	1	21	15	57	10	0	3.647
2005	1	21	15	58	14	0	4.122
2005	1	21	15	59	18	0	4.199
2005	1	21	16	0	22	0	4.082
2005	1	21	16	1	26	0	4.128
2005	1	21	16	2	30	0	4.245
2005	1	21	16	3	34	0	3.716
2005	1	21	16	4	38	0	4.228
2005	1	21	16	5	42	0	3.913
2005	1	21	16	6	46	0	4.084
2005	1	21	16	7	50	0	3.739
2005	1	21	16	8	54	0	NaN
2005	1	21	16	9	58	0	4.046
2005	1	21	16	11	2	0	NaN
2005	1	21	16	12	6	0	4.801
2005	1	21	16	13	10	0	4.065
2005	1	21	16	14	14	0	4.064
2005	1	21	16	15	18	0	4.204
2005	1	21	16	16	22	0	4.619
2005	1	21	16	17	26	0	5.92
2005	1	21	16	18	30	0	4.421
2005	1	21	16	19	34	0	4.195
2005	1	21	16	20	38	0	4.229
2005	1	21	16	21	42	0	4.837
2005	1	21	16	22	46	0	5.224
2005	1	21	16	23	50	0	NaN
2005	1	21	16	24	54	0	4.19
2005	1	21	16	25	58	0	4.381
2005	1	21	16	27	2	0	4.655
2005	1	21	16	28	6	0	5.291
2005	1	21	16	29	10	0	5.651
2005	1	21	16	30	14	0	6.252
2005	1	21	16	31	18	0	5.362
2005	1	21	16	32	22	0	6.133
2005	1	21	16	33	26	0	5.925
2005	1	21	16	34	30	0	6.068
2005	1	21	16	35	34	0	5.056
2005	1	21	16	36	38	0	5.749
2005	1	21	16	37	42	0	6.087
2005	1	21	16	38	46	0	6.619
2005	1	21	16	39	50	0	5.023
2005	1	21	16	40	54	0	5.861
2005	1	21	16	41	58	0	6.755
2005	1	21	16	43	2	0	5.964
2005	1	21	16	44	6	0	6.013
2005	1	21	16	45	10	0	6.412
2005	1	21	16	46	14	0	8.09
2005	1	21	16	47	18	0	9.823
2005	1	21	16	48	22	0	16.439
2005	1	21	16	49	26	0	13.635
2005	1	21	16	50	30	0	18.435
2005	1	21	16	51	34	0	16.613
2005	1	21	16	52	38	0	21.927
2005	1	21	16	53	42	0	13.876
2005	1	21	16	54	46	0	11.935
2005	1	21	16	55	50	0	16.256
2005	1	21	16	56	54	0	NaN
2005	1	21	16	57	58	0	18.787
2005	1	21	16	59	2	0	14.476
2005	1	21	17	0	6	0	14.757
2005	1	21	17	1	10	0	15.072
2005	1	21	17	2	14	0	16.524
2005	1	21	17	3	18	0	15.082
2005	1	21	17	4	22	0	17.379
2005	1	21	17	5	26	0	13.964
2005	1	21	17	6	30	0	14.572
2005	1	21	17	7	34	0	13.404
2005	1	21	17	8	38	0	14.141
2005	1	21	17	9	42	0	13.908
2005	1	21	17	10	46	0	14.373
2005	1	21	17	11	50	0	13.589
2005	1	21	17	12	54	0	19.117
2005	1	21	17	13	58	0	16.521
2005	1	21	17	15	2	0	17.376
2005	1	21	17	16	6	0	16.57
2005	1	21	17	17	10	0	15.172
2005	1	21	17	18	14	0	15.318
2005	1	21	17	19	18	0	15.287
2005	1	21	17	20	22	0	14.138
2005	1	21	17	21	26	0	14.311
2005	1	21	17	22	30	0	13.705
2005	1	21	17	23	34	0	13.223
2005	1	21	17	24	38	0	13.897
2005	1	21	17	25	42	0	15.521
2005	1	21	17	26	46	0	15.025
2005	1	21	17	27	50	0	16.51
2005	1	21	17	28	54	0	14.71
2005	1	21	17	29	58	0	NaN
2005	1	21	17	31	2	0	16.665
2005	1	21	17	32	6	0	16.794
2005	1	21	17	33	10	0	18.1
2005	1	21	17	34	14	0	14.517
2005	1	21	17	35	18	0	17.385
2005	1	21	17	36	22	0	16.453
2005	1	21	17	37	26	0	22.011
2005	1	21	17	38	30	0	16.622
2005	1	21	17	39	34	0	17.448
2005	1	21	17	40	38	0	16.87
2005	1	21	17	41	42	0	18.3
2005	1	21	17	42	46	0	16.12
2005	1	21	17	43	50	0	15.807
2005	1	21	17	44	54	0	14.286
2005	1	21	17	45	58	0	16.626
2005	1	21	17	47	2	0	15.447
2005	1	21	17	48	6	0	17.288
2005	1	21	17	49	10	0	15.181
2005	1	21	17	50	14	0	16.891
2005	1	21	17	51	18	0	16.298
2005	1	21	17	52	22	0	16.274
2005	1	21	17	53	26	0	14.363
2005	1	21	17	54	30	0	16.872
2005	1	21	17	55	34	0	16.552
2005	1	21	17	56	38	0	14.809
2005	1	21	17	57	42	0	13.956
2005	1	21	17	58	46	0	15.007
2005	1	21	17	59	50	0	14.975
2005	1	21	18	0	54	0	15.822
2005	1	21	18	1	58	0	14.451
2005	1	21	18	3	2	0	NaN
2005	1	21	18	4	6	0	15.073
2005	1	21	18	5	10	0	13.894
2005	1	21	18	6	14	0	14.371
2005	1	21	18	7	18	0	13.862
2005	1	21	18	8	22	0	14.274
2005	1	21	18	9	26	0	13.888
2005	1	21	18	10	30	0	13.911
2005	1	21	18	11	34	0	14.975
2005	1	21	18	12	38	0	14.326
2005	1	21	18	13	42	0	13.454
2005	1	21	18	14	46	0	9.905
2005	1	21	18	15	50	0	12.425
2005	1	21	18	16	54	0	12.683
2005	1	21	18	17	58	0	12.676
2005	1	21	18	19	2	0	17.303
2005	1	21	18	20	6	0	45.645
2005	1	21	18	21	10	0	40.518
2005	1	21	18	22	14	0	45.3
2005	1	21	18	23	18	0	39.011
2005	1	21	18	24	22	0	46.71
2005	1	21	18	25	26	0	43.416
2005	1	21	18	26	30	0	48.301
2005	1	21	18	27	34	0	43.238
2005	1	21	18	28	38	0	45.838
2005	1	21	18	29	42	0	51.212
2005	1	21	18	30	46	0	46.571
2005	1	21	18	31	50	0	47.083
2005	1	21	18	32	54	0	48.495
2005	1	21	18	33	58	0	44.991
2005	1	21	18	35	2	0	49.688
2005	1	21	18	36	6	0	NaN
2005	1	21	18	37	10	0	50.761
2005	1	21	18	38	14	0	50.253
2005	1	21	18	39	18	0	54.138
2005	1	21	18	40	22	0	57.907
2005	1	21	18	41	26	0	59.978
2005	1	21	18	42	30	0	54.082
2005	1	21	18	43	34	0	53.684
2005	1	21	18	44	38	0	50.359
2005	1	21	18	45	42	0	48.637
2005	1	21	18	46	46	0	50.52
2005	1	21	18	47	50	0	50.91
2005	1	21	18	48	54	0	47.001
2005	1	21	18	49	58	0	45.381
2005	1	21	18	51	2	0	38.145
2005	1	21	18	52	6	0	40.322
2005	1	21	18	53	10	0	41.212
2005	1	21	18	54	14	0	42.913
2005	1	21	18	55	18	0	37.864
2005	1	21	18	56	22	0	43.275
2005	1	21	18	57	26	0	37.473
2005	1	21	18	58	30	0	40.171
2005	1	21	18	59	34	0	44.01
2005	1	21	19	0	38	0	43.896
2005	1	21	19	1	42	0	45.165
2005	1	21	19	2	46	0	43.682
2005	1	21	19	3	50	0	42.616
2005	1	21	19	4	54	0	45.076
2005	1	21	19	5	58	0	43.068
2005	1	21	19	7	2	0	41.01
2005	1	21	19	8	6	0	36.073
2005	1	21	19	9	10	0	NaN
2005	1	21	19	10	14	0	34.885
2005	1	21	19	11	18	0	37.03
2005	1	21	19	12	22	0	39.139
2005	1	21	19	13	26	0	37.434
2005	1	21	19	14	30	0	38.297
2005	1	21	19	15	34	0	40.873
2005	1	21	19	16	38	0	38.622
2005	1	21	19	17	42	0	37.772
2005	1	21	19	18	46	0	35.758
2005	1	21	19	19	50	0	30.346
2005	1	21	19	20	54	0	26.018
2005	1	21	19	21	58	0	32.732
2005	1	21	19	23	2	0	26.059
2005	1	21	19	24	6	0	35.867
2005	1	21	19	25	10	0	21.434
2005	1	21	19	26	14	0	22.159
2005	1	21	19	27	18	0	29.361
2005	1	21	19	28	22	0	33.015
2005	1	21	19	29	26	0	23.454
2005	1	21	19	30	30	0	23.319
2005	1	21	19	31	34	0	21.637
2005	1	21	19	32	38	0	36.912
2005	1	21	19	33	42	0	33.315
2005	1	21	19	34	46	0	27.841
2005	1	21	19	35	50	0	29.701
2005	1	21	19	36	54	0	31.93
2005	1	21	19	37	58	0	27.154
2005	1	21	19	39	2	0	28.266
2005	1	21	19	40	6	0	27.308
2005	1	21	19	41	10	0	30.099
2005	1	21	19	42	14	0	NaN
2005	1	21	19	43	18	0	NaN
2005	1	21	19	44	22	0	24.039
2005	1	21	19	45	26	0	26.101
2005	1	21	19	46	30	0	25.234
2005	1	21	19	47	34	0	28.553
2005	1	21	19	48	38	0	25.88
2005	1	21	19	49	42	0	25.345
2005	1	21	19	50	46	0	21.947
2005	1	21	19	51	50	0	22.471
2005	1	21	19	52	54	0	21.19
2005	1	21	19	53	58	0	25.598
2005	1	21	19	55	2	0	29.462
2005	1	21	19	56	6	0	25.004
2005	1	21	19	57	10	0	22.317
2005	1	21	19	58	14	0	32.243
2005	1	21	19	59	18	0	24.568
2005	1	21	20	0	22	0	23.979
2005	1	21	20	1	26	0	24.79
2005	1	21	20	2	30	0	25.969
2005	1	21	20	3	34	0	21.447
2005	1	21	20	4	38	0	26.383
2005	1	21	20	5	42	0	21.717
2005	1	21	20	6	46	0	21.686
2005	1	21	20	7	50	0	19.503
2005	1	21	20	8	54	0	20.572
2005	1	21	20	9	58	0	19.207
2005	1	21	20	11	2	0	21.915
2005	1	21	20	12	6	0	17.189
2005	1	21	20	13	10	0	21.671
2005	1	21	20	14	14	0	20.509
2005	1	21	20	15	18	0	NaN
2005	1	21	20	16	22	0	24.699
2005	1	21	20	17	26	0	19.576
2005	1	21	20	18	30	0	17.254
2005	1	21	20	19	34	0	14.684
2005	1	21	20	20	38	0	13.828
2005	1	21	20	21	42	0	15.579
2005	1	21	20	22	46	0	14.377
2005	1	21	20	23	50	0	16.448
2005	1	21	20	24	54	0	16.827
2005	1	21	20	25	58	0	12.764
2005	1	21	20	27	2	0	11.004
2005	1	21	20	28	6	0	15.742
2005	1	21	20	29	10	0	10.062
2005	1	21	20	30	14	0	19.476
2005	1	21	20	31	18	0	23.166
2005	1	21	20	32	22	0	20.81
2005	1	21	20	33	26	0	19.962
2005	1	21	20	34	30	0	38.672
2005	1	21	20	35	34	0	27.172
2005	1	21	20	36	38	0	26.706
2005	1	21	20	37	42	0	21.974
2005	1	21	20	38	46	0	28.024
2005	1	21	20	39	50	0	18.2
2005	1	21	20	40	54	0	22.931
2005	1	21	20	41	58	0	19.458
2005	1	21	20	43	2	0	19.633
2005	1	21	20	44	6	0	19.985
2005	1	21	20	45	10	0	20.004
2005	1	21	20	46	14	0	16.609
2005	1	21	20	47	18	0	16.059
2005	1	21	20	48	22	0	NaN
2005	1	21	20	49	26	0	24.127
2005	1	21	20	50	30	0	24.694
2005	1	21	20	51	34	0	20.968
2005	1	21	20	52	38	0	19.913
2005	1	21	20	53	42	0	19.328
2005	1	21	20	54	46	0	17.897
2005	1	21	20	55	50	0	21.419
2005	1	21	20	56	54	0	21.143
2005	1	21	20	57	58	0	19.932
2005	1	21	20	59	2	0	20.359
2005	1	21	21	0	6	0	19.213
2005	1	21	21	1	10	0	17.276
2005	1	21	21	2	14	0	17.73
2005	1	21	21	3	18	0	18.073
2005	1	21	21	4	22	0	19.71
2005	1	21	21	5	26	0	17.255
2005	1	21	21	6	30	0	18.722
2005	1	21	21	7	34	0	16.747
2005	1	21	21	8	38	0	19.604
2005	1	21	21	9	42	0	19.903
2005	1	21	21	10	46	0	18.894
2005	1	21	21	11	50	0	22.343
2005	1	21	21	12	54	0	20.6
2005	1	21	21	13	58	0	21.814
2005	1	21	21	15	2	0	19.73
2005	1	21	21	16	6	0	20.008
2005	1	21	21	17	10	0	21.14
2005	1	21	21	18	14	0	17.649
2005	1	21	21	19	18	0	16.563
2005	1	21	21	20	22	0	16.788
2005	1	21	21	21	26	0	NaN
2005	1	21	21	22	30	0	13.766
2005	1	21	21	23	34	0	16.337
2005	1	21	21	24	38	0	17.105
2005	1	21	21	25	42	0	17.889
2005	1	21	21	26	46	0	17.094
2005	1	21	21	27	50	0	16.621
2005	1	21	21	28	54	0	22.909
2005	1	21	21	29	58	0	22.786
2005	1	21	21	31	2	0	24.405
2005	1	21	21	32	6	0	23.168
2005	1	21	21	33	10	0	23.485
2005	1	21	21	34	14	0	21.787
2005	1	21	21	35	18	0	21.722
2005	1	21	21	36	22	0	21.259
2005	1	21	21	37	26	0	20.361
2005	1	21	21	38	30	0	19.559
2005	1	21	21	39	34	0	20.676
2005	1	21	21	40	38	0	19.877
2005	1	21	21	41	42	0	22.049
2005	1	21	21	42	46	0	23.187
2005	1	21	21	43	50	0	20.644
2005	1	21	21	44	54	0	20.93
2005	1	21	21	45	58	0	21.408
2005	1	21	21	47	2	0	21.717
2005	1	21	21	48	6	0	22.481
2005	1	21	21	49	10	0	21.208
2005	1	21	21	50	14	0	20.986
2005	1	21	21	51	18	0	23.746
2005	1	21	21	52	22	0	20.854
2005	1	21	21	53	26	0	23.574
2005	1	21	21	54	30	0	NaN
2005	1	21	21	55	34	0	24.133
2005	1	21	21	56	38	0	25.141
2005	1	21	21	57	42	0	25.306
2005	1	21	21	58	46	0	23.22
2005	1	21	21	59	50	0	24.046
2005	1	21	22	0	54	0	23.894
2005	1	21	22	1	58	0	24.75
2005	1	21	22	3	2	0	24.502
2005	1	21	22	4	6	0	24.265
2005	1	21	22	5	10	0	23.676
2005	1	21	22	6	14	0	22.363
2005	1	21	22	7	18	0	23.11
2005	1	21	22	8	22	0	22.69
2005	1	21	22	9	26	0	22.656
2005	1	21	22	10	30	0	24.655
2005	1	21	22	11	34	0	24.074
2005	1	21	22	12	38	0	25.244
2005	1	21	22	13	42	0	25.253
2005	1	21	22	14	46	0	22.541
2005	1	21	22	15	50	0	22.151
2005	1	21	22	16	54	0	23.395
2005	1	21	22	17	58	0	23.922
2005	1	21	22	19	2	0	24.602
2005	1	21	22	20	6	0	22.515
2005	1	21	22	21	10	0	23.712
2005	1	21	22	22	14	0	20.77
2005	1	21	22	23	18	0	22.515
2005	1	21	22	24	22	0	18.95
2005	1	21	22	25	26	0	18.9
2005	1	21	22	26	30	0	24.058
2005	1	21	22	27	34	0	NaN
2005	1	21	22	28	38	0	23.534
2005	1	21	22	29	42	0	24.766
2005	1	21	22	30	46	0	22.192
2005	1	21	22	31	50	0	24.66
2005	1	21	22	32	54	0	20.253
2005	1	21	22	33	58	0	23.467
2005	1	21	22	35	2	0	22.339
2005	1	21	22	36	6	0	24.048
2005	1	21	22	37	10	0	22.474
2005	1	21	22	38	14	0	23.274
2005	1	21	22	39	18	0	24.254
2005	1	21	22	40	22	0	24.598
2005	1	21	22	41	26	0	23.676
2005	1	21	22	42	30	0	25.896
2005	1	21	22	43	34	0	22.637
2005	1	21	22	44	38	0	23.87
2005	1	21	22	45	42	0	21.694
2005	1	21	22	46	46	0	24.458
2005	1	21	22	47	50	0	20.558
2005	1	21	22	48	54	0	27.673
2005	1	21	22	49	58	0	27.474
2005	1	21	22	51	2	0	22.075
2005	1	21	22	52	6	0	22.01
2005	1	21	22	53	10	0	22.015
2005	1	21	22	54	14	0	20.356
2005	1	21	22	55	18	0	24.667
2005	1	21	22	56	22	0	24.342
2005	1	21	22	57	26	0	25.499
2005	1	21	22	58	30	0	23.218
2005	1	21	22	59	34	0	25.634
2005	1	21	23	0	38	0	NaN
2005	1	21	23	1	42	0	30.566
2005	1	21	23	2	46	0	30.63
2005	1	21	23	3	50	0	26.74
2005	1	21	23	4	54	0	24.928
2005	1	21	23	5	58	0	26.296
2005	1	21	23	7	2	0	21.223
2005	1	21	23	8	6	0	24.532
2005	1	21	23	9	10	0	22.477
2005	1	21	23	10	14	0	24.058
2005	1	21	23	11	18	0	22.22
2005	1	21	23	12	22	0	22.33
2005	1	21	23	13	26	0	20.886
2005	1	21	23	14	30	0	22.809
2005	1	21	23	15	34	0	20.436
2005	1	21	23	16	38	0	21.012
2005	1	21	23	17	42	0	20.303
2005	1	21	23	18	46	0	21.428
2005	1	21	23	19	50	0	22.898
2005	1	21	23	20	54	0	24.26
2005	1	21	23	21	58	0	22.937
2005	1	21	23	23	2	0	26.582
2005	1	21	23	24	6	0	23.802
2005	1	21	23	25	10	0	21.696
2005	1	21	23	26	14	0	18.983
2005	1	21	23	27	18	0	23.103
2005	1	21	23	28	22	0	22.533
2005	1	21	23	29	26	0	22.721
2005	1	21	23	30	30	0	23.334
2005	1	21	23	31	34	0	24.134
2005	1	21	23	32	38	0	18.319
2005	1	21	23	33	42	0	NaN
2005	1	21	23	34	46	0	20.148
2005	1	21	23	35	50	0	19.931
2005	1	21	23	36	54	0	18.796
2005	1	21	23	37	58	0	17.588
2005	1	21	23	39	2	0	17.916
2005	1	21	23	40	6	0	19.904
2005	1	21	23	41	10	0	21.155
2005	1	21	23	42	14	0	18.835
2005	1	21	23	43	18	0	20.853
2005	1	21	23	44	22	0	21.826
2005	1	21	23	45	26	0	21.147
2005	1	21	23	46	30	0	19.132
2005	1	21	23	47	34	0	22.506
2005	1	21	23	48	38	0	23.093
2005	1	21	23	49	42	0	17.253
2005	1	21	23	50	46	0	15.262
2005	1	21	23	51	50	0	16.786
2005	1	21	23	52	54	0	17.774
2005	1	21	23	53	58	0	14.123
2005	1	21	23	55	2	0	16.425
2005	1	21	23	56	6	0	16.624
2005	1	21	23	57	10	0	15.961
2005	1	21	23	58	14	0	16.444
2005	1	21	23	59	18	0	16.845
2005	1	22	0	0	22	0	17.97
2005	1	22	0	1	26	0	16.797
2005	1	22	0	2	30	0	18.846
2005	1	22	0	3	34	0	20.903
2005	1	22	0	4	38	0	21.885
2005	1	22	0	5	42	0	15.636
2005	1	22	0	6	46	0	NaN
2005	1	22	0	7	50	0	18.855
2005	1	22	0	8	54	0	13.828
2005	1	22	0	9	58	0	17.862
2005	1	22	0	11	2	0	13.774
2005	1	22	0	12	6	0	13.03
2005	1	22	0	13	10	0	10.808
2005	1	22	0	14	14	0	13.621
2005	1	22	0	15	18	0	11.942
2005	1	22	0	16	22	0	11.458
2005	1	22	0	17	26	0	10.707
2005	1	22	0	18	30	0	10.811
2005	1	22	0	19	34	0	17.005
2005	1	22	0	20	38	0	14.776
2005	1	22	0	21	42	0	15.727
2005	1	22	0	22	46	0	15.768
2005	1	22	0	23	50	0	16.218
2005	1	22	0	24	54	0	13.961
2005	1	22	0	25	58	0	13.295
2005	1	22	0	27	2	0	14.735
2005	1	22	0	28	6	0	14.462
2005	1	22	0	29	10	0	17.75
2005	1	22	0	30	14	0	16.241
2005	1	22	0	31	18	0	15.325
2005	1	22	0	32	22	0	12.943
2005	1	22	0	33	26	0	15.113
2005	1	22	0	34	30	0	13.209
2005	1	22	0	35	34	0	13.856
2005	1	22	0	36	38	0	13.308
2005	1	22	0	37	42	0	12.862
2005	1	22	0	38	46	0	12.992
2005	1	22	0	39	50	0	NaN
2005	1	22	0	40	54	0	10.167
2005	1	22	0	41	58	0	10.654
2005	1	22	0	43	2	0	9.285
2005	1	22	0	44	6	0	10.452
2005	1	22	0	45	10	0	10.041
2005	1	22	0	46	14	0	10.515
2005	1	22	0	47	18	0	10.75
2005	1	22	0	48	22	0	11.684
2005	1	22	0	49	26	0	11.768
2005	1	22	0	50	30	0	10.374
2005	1	22	0	51	34	0	11.278
2005	1	22	0	52	38	0	11.002
2005	1	22	0	53	42	0	9.72
2005	1	22	0	54	46	0	9.915
2005	1	22	0	55	50	0	9.414
2005	1	22	0	56	54	0	10.056
2005	1	22	0	57	58	0	9.616
2005	1	22	0	59	2	0	9.701
2005	1	22	1	0	6	0	9.542
2005	1	22	1	1	10	0	10.207
2005	1	22	1	2	14	0	9.8
2005	1	22	1	3	18	0	10.405
2005	1	22	1	4	22	0	9.101
2005	1	22	1	5	26	0	9.705
2005	1	22	1	6	30	0	9.727
2005	1	22	1	7	34	0	10.237
2005	1	22	1	8	38	0	8.935
2005	1	22	1	9	42	0	10.539
2005	1	22	1	10	46	0	10.388
2005	1	22	1	11	50	0	10.502
2005	1	22	1	12	54	0	NaN
2005	1	22	1	13	58	0	10.932
2005	1	22	1	15	2	0	10.712
2005	1	22	1	16	6	0	11.037
2005	1	22	1	17	10	0	10.617
2005	1	22	1	18	14	0	11.314
2005	1	22	1	19	18	0	9.85
2005	1	22	1	20	22	0	9.741
2005	1	22	1	21	26	0	10.628
2005	1	22	1	22	30	0	11.568
2005	1	22	1	23	34	0	8.998
2005	1	22	1	24	38	0	9.705
2005	1	22	1	25	42	0	9.362
2005	1	22	1	26	46	0	10.484
2005	1	22	1	27	50	0	11.17
2005	1	22	1	28	54	0	11.819
2005	1	22	1	29	58	0	11.905
2005	1	22	1	31	2	0	10.263
2005	1	22	1	32	6	0	10.225
2005	1	22	1	33	10	0	10.63
2005	1	22	1	34	14	0	9.625
2005	1	22	1	35	18	0	10.234
2005	1	22	1	36	22	0	9.536
2005	1	22	1	37	26	0	10.628
2005	1	22	1	38	30	0	9.457
2005	1	22	1	39	34	0	10.841
2005	1	22	1	40	38	0	9.024
2005	1	22	1	41	42	0	9.199
2005	1	22	1	42	46	0	8.545
2005	1	22	1	43	50	0	9.653
2005	1	22	1	44	54	0	8.01
2005	1	22	1	45	58	0	NaN
2005	1	22	1	47	2	0	9.189
2005	1	22	1	48	6	0	7.902
2005	1	22	1	49	10	0	8.244
2005	1	22	1	50	14	0	7.992
2005	1	22	1	51	18	0	7.945
2005	1	22	1	52	22	0	7.696
2005	1	22	1	53	26	0	7.445
2005	1	22	1	54	30	0	8.477
2005	1	22	1	55	34	0	8.045
2005	1	22	1	56	38	0	7.605
2005	1	22	1	57	42	0	7.737
2005	1	22	1	58	46	0	8.229
2005	1	22	1	59	50	0	8.266
2005	1	22	2	0	54	0	8.577
2005	1	22	2	1	58	0	9.128
2005	1	22	2	3	2	0	9.868
2005	1	22	2	4	6	0	10.654
2005	1	22	2	5	10	0	8.613
2005	1	22	2	6	14	0	9.521
2005	1	22	2	7	18	0	10.008
2005	1	22	2	8	22	0	8.909
2005	1	22	2	9	26	0	8.798
2005	1	22	2	10	30	0	9.802
2005	1	22	2	11	34	0	9.462
2005	1	22	2	12	38	0	10.752
2005	1	22	2	13	42	0	9.467
2005	1	22	2	14	46	0	9.444
2005	1	22	2	15	50	0	9.148
2005	1	22	2	16	54	0	8.843
2005	1	22	2	17	58	0	7.159
2005	1	22	2	19	2	0	NaN
2005	1	22	2	20	6	0	7.435
2005	1	22	2	21	10	0	7.54
2005	1	22	2	22	14	0	7.646
2005	1	22	2	23	18	0	7.971
2005	1	22	2	24	22	0	5.557
2005	1	22	2	25	26	0	6.603
2005	1	22	2	26	30	0	6.47
2005	1	22	2	27	34	0	6.281
2005	1	22	2	28	38	0	6.531
2005	1	22	2	29	42	0	7.181
2005	1	22	2	30	46	0	6.327
2005	1	22	2	31	50	0	7.254
2005	1	22	2	32	54	0	7.45
2005	1	22	2	33	58	0	7.069
2005	1	22	2	35	2	0	7.188
2005	1	22	2	36	6	0	7.448
2005	1	22	2	37	10	0	7.108
2005	1	22	2	38	14	0	6.637
2005	1	22	2	39	18	0	7.046
2005	1	22	2	40	22	0	8.273
2005	1	22	2	41	26	0	8.033
2005	1	22	2	42	30	0	6.843
2005	1	22	2	43	34	0	8.118
2005	1	22	2	44	38	0	8.077
2005	1	22	2	45	42	0	8.233
2005	1	22	2	46	46	0	7.343
2005	1	22	2	47	50	0	8.408
2005	1	22	2	48	54	0	7.61
2005	1	22	2	49	58	0	8.792
2005	1	22	2	51	2	0	6.344
2005	1	22	2	52	6	0	NaN
2005	1	22	2	53	10	0	7.995
2005	1	22	2	54	14	0	7.231
2005	1	22	2	55	18	0	6.326
2005	1	22	2	56	22	0	6.045
2005	1	22	2	57	26	0	6.441
2005	1	22	2	58	30	0	6.105
2005	1	22	2	59	34	0	6.479
2005	1	22	3	0	38	0	6.39
2005	1	22	3	1	42	0	7.758
2005	1	22	3	2	46	0	7.069
2005	1	22	3	3	50	0	7.174
2005	1	22	3	4	54	0	5.479
2005	1	22	3	5	58	0	7.429
2005	1	22	3	7	2	0	6.175
2005	1	22	3	8	6	0	5.501
2005	1	22	3	9	10	0	5.566
2005	1	22	3	10	14	0	6.161
2005	1	22	3	11	18	0	5.827
2005	1	22	3	12	22	0	5.921
2005	1	22	3	13	26	0	4.796
2005	1	22	3	14	30	0	4.385
2005	1	22	3	15	34	0	5.006
2005	1	22	3	16	38	0	4.063
2005	1	22	3	17	42	0	5.111
2005	1	22	3	18	46	0	4.291
2005	1	22	3	19	50	0	5.63
2005	1	22	3	20	54	0	4.803
2005	1	22	3	21	58	0	4.963
2005	1	22	3	23	2	0	4.108
2005	1	22	3	24	6	0	5.356
2005	1	22	3	25	10	0	NaN
2005	1	22	3	26	14	0	6.235
2005	1	22	3	27	18	0	6.113
2005	1	22	3	28	22	0	5.68
2005	1	22	3	29	26	0	5.727
2005	1	22	3	30	30	0	6.427
2005	1	22	3	31	34	0	5.193
2005	1	22	3	32	38	0	4.238
2005	1	22	3	33	42	0	4.066
2005	1	22	3	34	46	0	3.988
2005	1	22	3	35	50	0	5.034
2005	1	22	3	36	54	0	3.641
2005	1	22	3	37	58	0	4.7
2005	1	22	3	39	2	0	3.754
2005	1	22	3	40	6	0	4.03
2005	1	22	3	41	10	0	3.398
2005	1	22	3	42	14	0	4.541
2005	1	22	3	43	18	0	3.6
2005	1	22	3	44	22	0	3.827
2005	1	22	3	45	26	0	4.219
2005	1	22	3	46	30	0	5.169
2005	1	22	3	47	34	0	4.004
2005	1	22	3	48	38	0	6.035
2005	1	22	3	49	42	0	4.001
2005	1	22	3	50	46	0	6.09
2005	1	22	3	51	50	0	4.7
2005	1	22	3	52	54	0	5.127
2005	1	22	3	53	58	0	3.882
2005	1	22	3	55	2	0	4.46
2005	1	22	3	56	6	0	4.42
2005	1	22	3	57	10	0	5.249
2005	1	22	3	58	14	0	NaN
2005	1	22	3	59	18	0	3.541
2005	1	22	4	0	22	0	4.648
2005	1	22	4	1	26	0	4.588
2005	1	22	4	2	30	0	4.55
2005	1	22	4	3	34	0	4.424
2005	1	22	4	4	38	0	3.701
2005	1	22	4	5	42	0	3.634
2005	1	22	4	6	46	0	3.561
2005	1	22	4	7	50	0	4.23
2005	1	22	4	8	54	0	3.737
2005	1	22	4	9	58	0	3.864
2005	1	22	4	11	2	0	4.101
2005	1	22	4	12	6	0	3.814
2005	1	22	4	13	10	0	4.159
2005	1	22	4	14	14	0	3.325
2005	1	22	4	15	18	0	3.932
2005	1	22	4	16	22	0	3.694
2005	1	22	4	17	26	0	4.569
2005	1	22	4	18	30	0	3.632
2005	1	22	4	19	34	0	4.392
2005	1	22	4	20	38	0	4.482
2005	1	22	4	21	42	0	4.041
2005	1	22	4	22	46	0	3.473
2005	1	22	4	23	50	0	3.82
2005	1	22	4	24	54	0	3.585
2005	1	22	4	25	58	0	4.379
2005	1	22	4	27	2	0	4.686
2005	1	22	4	28	6	0	3.204
2005	1	22	4	29	10	0	2.813
2005	1	22	4	30	14	0	3.419
2005	1	22	4	31	18	0	NaN
2005	1	22	4	32	22	0	3.685
2005	1	22	4	33	26	0	3.849
2005	1	22	4	34	30	0	4.003
2005	1	22	4	35	34	0	3.044
2005	1	22	4	36	38	0	3.363
2005	1	22	4	37	42	0	3.762
2005	1	22	4	38	46	0	3.452
2005	1	22	4	39	50	0	4.268
2005	1	22	4	40	54	0	2.944
2005	1	22	4	41	58	0	4.016
2005	1	22	4	43	2	0	3.69
2005	1	22	4	44	6	0	4.222
2005	1	22	4	45	10	0	3.485
2005	1	22	4	46	14	0	3.623
2005	1	22	4	47	18	0	2.945
2005	1	22	4	48	22	0	3.919
2005	1	22	4	49	26	0	3.307
2005	1	22	4	50	30	0	3.467
2005	1	22	4	51	34	0	3.558
2005	1	22	4	52	38	0	2.839
2005	1	22	4	53	42	0	2.583
2005	1	22	4	54	46	0	3.282
2005	1	22	4	55	50	0	3.422
2005	1	22	4	56	54	0	3.287
2005	1	22	4	57	58	0	3.179
2005	1	22	4	59	2	0	4.368
2005	1	22	5	0	6	0	4.344
2005	1	22	5	1	10	0	3.289
2005	1	22	5	2	14	0	3.431
2005	1	22	5	3	18	0	3.168
2005	1	22	5	4	22	0	NaN
2005	1	22	5	5	26	0	3.34
2005	1	22	5	6	30	0	3.131
2005	1	22	5	7	34	0	3.185
2005	1	22	5	8	38	0	4.046
2005	1	22	5	9	42	0	3.82
2005	1	22	5	10	46	0	2.596
2005	1	22	5	11	50	0	3.59
2005	1	22	5	12	54	0	2.979
2005	1	22	5	13	58	0	3.427
2005	1	22	5	15	2	0	3.057
2005	1	22	5	16	6	0	2.424
2005	1	22	5	17	10	0	3.524
2005	1	22	5	18	14	0	3.276
2005	1	22	5	19	18	0	2.893
2005	1	22	5	20	22	0	2.885
2005	1	22	5	21	26	0	3.426
2005	1	22	5	22	30	0	2.842
2005	1	22	5	23	34	0	2.648
2005	1	22	5	24	38	0	2.547
2005	1	22	5	25	42	0	2.745
2005	1	22	5	26	46	0	2.453
2005	1	22	5	27	50	0	2.887
2005	1	22	5	28	54	0	2.463
2005	1	22	5	29	58	0	3.538
2005	1	22	5	31	2	0	3.266
2005	1	22	5	32	6	0	2.977
2005	1	22	5	33	10	0	3.078
2005	1	22	5	34	14	0	2.957
2005	1	22	5	35	18	0	2.987
2005	1	22	5	36	22	0	2.983
2005	1	22	5	37	26	0	NaN
2005	1	22	5	38	30	0	2.969
2005	1	22	5	39	34	0	2.635
2005	1	22	5	40	38	0	3.084
2005	1	22	5	41	42	0	2.624
2005	1	22	5	42	46	0	2.629
2005	1	22	5	43	50	0	2.555
2005	1	22	5	44	54	0	2.739
2005	1	22	5	45	58	0	2.401
2005	1	22	5	47	2	0	2.841
2005	1	22	5	48	6	0	2.158
2005	1	22	5	49	10	0	2.74
2005	1	22	5	50	14	0	2.282
2005	1	22	5	51	18	0	2.827
2005	1	22	5	52	22	0	2.135
2005	1	22	5	53	26	0	2.779
2005	1	22	5	54	30	0	2.121
2005	1	22	5	55	34	0	2.854
2005	1	22	5	56	38	0	2.279
2005	1	22	5	57	42	0	2.912
2005	1	22	5	58	46	0	2.273
2005	1	22	5	59	50	0	2.961
2005	1	22	6	0	54	0	2.219
2005	1	22	6	1	58	0	2.838
2005	1	22	6	3	2	0	1.783
2005	1	22	6	4	6	0	2.711
2005	1	22	6	5	10	0	1.961
2005	1	22	6	6	14	0	2.639
2005	1	22	6	7	18	0	2.035
2005	1	22	6	8	22	0	2.594
2005	1	22	6	9	26	0	2.205
2005	1	22	6	10	30	0	NaN
2005	1	22	6	11	34	0	2.895
2005	1	22	6	12	38	0	2.175
2005	1	22	6	13	42	0	2.712
2005	1	22	6	14	46	0	2.084
2005	1	22	6	15	50	0	2.713
2005	1	22	6	16	54	0	2.213
2005	1	22	6	17	58	0	2.583
2005	1	22	6	19	2	0	2.226
2005	1	22	6	20	6	0	2.661
2005	1	22	6	21	10	0	1.994
2005	1	22	6	22	14	0	2.715
2005	1	22	6	23	18	0	2.176
2005	1	22	6	24	22	0	3.101
2005	1	22	6	25	26	0	2.167
2005	1	22	6	26	30	0	2.625
2005	1	22	6	27	34	0	2.105
2005	1	22	6	28	38	0	2.651
2005	1	22	6	29	42	0	2.079
2005	1	22	6	30	46	0	2.601
2005	1	22	6	31	50	0	2.146
2005	1	22	6	32	54	0	2.59
2005	1	22	6	33	58	0	1.964
2005	1	22	6	35	2	0	2.589
2005	1	22	6	36	6	0	1.961
2005	1	22	6	37	10	0	2.226
2005	1	22	6	38	14	0	2.389
2005	1	22	6	39	18	0	2.781
2005	1	22	6	40	22	0	2.205
2005	1	22	6	41	26	0	2.579
2005	1	22	6	42	30	0	2.115
2005	1	22	6	43	34	0	NaN
2005	1	22	6	44	38	0	2.645
2005	1	22	6	45	42	0	2.174
2005	1	22	6	46	46	0	2.734
2005	1	22	6	47	50	0	2.352
2005	1	22	6	48	54	0	2.968
2005	1	22	6	49	58	0	2.443
2005	1	22	6	51	2	0	2.578
2005	1	22	6	52	6	0	2.311
2005	1	22	6	53	10	0	2.868
2005	1	22	6	54	14	0	2.468
2005	1	22	6	55	18	0	2.715
2005	1	22	6	56	22	0	2.412
2005	1	22	6	57	26	0	2.435
2005	1	22	6	58	30	0	2.129
2005	1	22	6	59	34	0	2.664
2005	1	22	7	0	38	0	2.17
2005	1	22	7	1	42	0	2.581
2005	1	22	7	2	46	0	2.188
2005	1	22	7	3	50	0	2.504
2005	1	22	7	4	54	0	2.249
2005	1	22	7	5	58	0	2.485
2005	1	22	7	7	2	0	2.474
2005	1	22	7	8	6	0	2.358
2005	1	22	7	9	10	0	2.434
2005	1	22	7	10	14	0	2.316
2005	1	22	7	11	18	0	2.024
2005	1	22	7	12	22	0	2.273
2005	1	22	7	13	26	0	2.475
2005	1	22	7	14	30	0	2.308
2005	1	22	7	15	34	0	2.281
2005	1	22	7	16	38	0	NaN
2005	1	22	7	17	42	0	2.313
2005	1	22	7	18	46	0	2.158
2005	1	22	7	19	50	0	2.283
2005	1	22	7	20	54	0	2.056
2005	1	22	7	21	58	0	2.544
2005	1	22	7	23	2	0	2.302
2005	1	22	7	24	6	0	2.252
2005	1	22	7	25	10	0	1.984
2005	1	22	7	26	14	0	2.051
2005	1	22	7	27	18	0	1.939
2005	1	22	7	28	22	0	2.119
2005	1	22	7	29	26	0	1.997
2005	1	22	7	30	30	0	2.501
2005	1	22	7	31	34	0	2.065
2005	1	22	7	32	38	0	2.39
2005	1	22	7	33	42	0	2.062
2005	1	22	7	34	46	0	2.245
2005	1	22	7	35	50	0	2.124
2005	1	22	7	36	54	0	2.327
2005	1	22	7	37	58	0	1.936
2005	1	22	7	39	2	0	2.122
2005	1	22	7	40	6	0	2.114
2005	1	22	7	41	10	0	2.256
2005	1	22	7	42	14	0	1.769
2005	1	22	7	43	18	0	1.927
2005	1	22	7	44	22	0	2.159
2005	1	22	7	45	26	0	2.178
2005	1	22	7	46	30	0	2.073
2005	1	22	7	47	34	0	1.979
2005	1	22	7	48	38	0	2.131
2005	1	22	7	49	42	0	NaN
2005	1	22	7	50	46	0	1.884
2005	1	22	7	51	50	0	1.99
2005	1	22	7	52	54	0	1.964
2005	1	22	7	53	58	0	1.965
2005	1	22	7	55	2	0	1.994
2005	1	22	7	56	6	0	2.069
2005	1	22	7	57	10	0	1.964
2005	1	22	7	58	14	0	1.95
2005	1	22	7	59	18	0	1.846
2005	1	22	8	0	22	0	2.199
2005	1	22	8	1	26	0	1.903
2005	1	22	8	2	30	0	2.099
2005	1	22	8	3	34	0	2.019
2005	1	22	8	4	38	0	2.173
2005	1	22	8	5	42	0	2.144
2005	1	22	8	6	46	0	2.063
2005	1	22	8	7	50	0	2.145
2005	1	22	8	8	54	0	1.954
2005	1	22	8	9	58	0	2.032
2005	1	22	8	11	2	0	1.856
2005	1	22	8	12	6	0	1.868
2005	1	22	8	13	10	0	1.977
2005	1	22	8	14	14	0	2.018
2005	1	22	8	15	18	0	2.335
2005	1	22	8	16	22	0	1.673
2005	1	22	8	17	26	0	1.823
2005	1	22	8	18	30	0	1.733
2005	1	22	8	19	34	0	1.934
2005	1	22	8	20	38	0	1.862
2005	1	22	8	21	42	0	1.858
2005	1	22	8	22	46	0	NaN
2005	1	22	8	23	50	0	1.7
2005	1	22	8	24	54	0	1.996
2005	1	22	8	25	58	0	1.66
2005	1	22	8	27	2	0	1.931
2005	1	22	8	28	6	0	1.666
2005	1	22	8	29	10	0	2.046
2005	1	22	8	30	14	0	1.71
2005	1	22	8	31	18	0	1.892
2005	1	22	8	32	22	0	1.545
2005	1	22	8	33	26	0	2.106
2005	1	22	8	34	30	0	1.673
2005	1	22	8	35	34	0	1.917
2005	1	22	8	36	38	0	1.62
2005	1	22	8	37	42	0	1.979
2005	1	22	8	38	46	0	1.695
2005	1	22	8	39	50	0	1.927
2005	1	22	8	40	54	0	1.616
2005	1	22	8	41	58	0	2.018
2005	1	22	8	43	2	0	1.726
2005	1	22	8	44	6	0	1.875
2005	1	22	8	45	10	0	1.75
2005	1	22	8	46	14	0	1.967
2005	1	22	8	47	18	0	1.891
2005	1	22	8	48	22	0	1.837
2005	1	22	8	49	26	0	1.851
2005	1	22	8	50	30	0	1.704
2005	1	22	8	51	34	0	1.5
2005	1	22	8	52	38	0	1.659
2005	1	22	8	53	42	0	1.602
2005	1	22	8	54	46	0	1.699
2005	1	22	8	55	50	0	NaN
2005	1	22	8	56	54	0	1.674
2005	1	22	8	57	58	0	1.825
2005	1	22	8	59	2	0	1.582
2005	1	22	9	0	6	0	1.831
2005	1	22	9	1	10	0	1.526
2005	1	22	9	2	14	0	1.876
2005	1	22	9	3	18	0	1.638
2005	1	22	9	4	22	0	1.743
2005	1	22	9	5	26	0	1.554
2005	1	22	9	6	30	0	1.676
2005	1	22	9	7	34	0	1.63
2005	1	22	9	8	38	0	1.812
2005	1	22	9	9	42	0	1.616
2005	1	22	9	10	46	0	1.671
2005	1	22	9	11	50	0	1.644
2005	1	22	9	12	54	0	1.767
2005	1	22	9	13	58	0	1.693
2005	1	22	9	15	2	0	1.814
2005	1	22	9	16	6	0	1.706
2005	1	22	9	17	10	0	1.736
2005	1	22	9	18	14	0	1.618
2005	1	22	9	19	18	0	1.68
2005	1	22	9	20	22	0	1.614
2005	1	22	9	21	26	0	1.925
2005	1	22	9	22	30	0	1.617
2005	1	22	9	23	34	0	1.679
2005	1	22	9	24	38	0	1.6
2005	1	22	9	25	42	0	1.729
2005	1	22	9	26	46	0	1.534
2005	1	22	9	27	50	0	1.518
2005	1	22	9	28	54	0	NaN
2005	1	22	9	29	58	0	1.498
2005	1	22	9	31	2	0	1.58
2005	1	22	9	32	6	0	1.645
2005	1	22	9	33	10	0	1.54
2005	1	22	9	34	14	0	1.726
2005	1	22	9	35	18	0	1.733
2005	1	22	9	36	22	0	1.665
2005	1	22	9	37	26	0	1.552
2005	1	22	9	38	30	0	1.47
2005	1	22	9	39	34	0	1.451
2005	1	22	9	40	38	0	1.555
2005	1	22	9	41	42	0	1.643
2005	1	22	9	42	46	0	1.572
2005	1	22	9	43	50	0	1.689
2005	1	22	9	44	54	0	1.635
2005	1	22	9	45	58	0	1.542
2005	1	22	9	47	2	0	1.501
2005	1	22	9	48	6	0	1.439
2005	1	22	9	49	10	0	1.421
2005	1	22	9	50	14	0	1.708
2005	1	22	9	51	18	0	1.577
2005	1	22	9	52	22	0	1.729
2005	1	22	9	53	26	0	1.585
2005	1	22	9	54	30	0	1.533
2005	1	22	9	55	34	0	1.602
2005	1	22	9	56	38	0	1.421
2005	1	22	9	57	42	0	1.399
2005	1	22	9	58	46	0	1.558
2005	1	22	9	59	50	0	1.358
2005	1	22	10	0	54	0	1.454
2005	1	22	10	1	58	0	NaN
2005	1	22	10	3	2	0	1.465
2005	1	22	10	4	6	0	1.25
2005	1	22	10	5	10	0	1.347
2005	1	22	10	6	14	0	1.372
2005	1	22	10	7	18	0	1.204
2005	1	22	10	8	22	0	1.144
2005	1	22	10	9	26	0	1.172
2005	1	22	10	10	30	0	1.313
2005	1	22	10	11	34	0	1.151
2005	1	22	10	12	38	0	1.348
2005	1	22	10	13	42	0	1.471
2005	1	22	10	14	46	0	1.085
2005	1	22	10	15	50	0	1.139
2005	1	22	10	16	54	0	1.414
2005	1	22	10	17	58	0	1.227
2005	1	22	10	19	2	0	1.454
2005	1	22	10	20	6	0	1.578
2005	1	22	10	21	10	0	1.273
2005	1	22	10	22	14	0	1.258
2005	1	22	10	23	18	0	1.364
2005	1	22	10	24	22	0	1.34
2005	1	22	10	25	26	0	1.397
2005	1	22	10	26	30	0	1.655
2005	1	22	10	27	34	0	1.425
2005	1	22	10	28	38	0	1.609
2005	1	22	10	29	42	0	1.164
2005	1	22	10	30	46	0	1.376
2005	1	22	10	31	50	0	1.212
2005	1	22	10	32	54	0	1.304
2005	1	22	10	33	58	0	1.268
2005	1	22	10	35	2	0	NaN
2005	1	22	10	36	6	0	1.316
2005	1	22	10	37	10	0	1.201
2005	1	22	10	38	14	0	1.166
2005	1	22	10	39	18	0	1.214
2005	1	22	10	40	22	0	1.213
2005	1	22	10	41	26	0	1.155
2005	1	22	10	42	30	0	1.246
2005	1	22	10	43	34	0	1.203
2005	1	22	10	44	38	0	1.117
2005	1	22	10	45	42	0	1.19
2005	1	22	10	46	46	0	1.082
2005	1	22	10	47	50	0	1.238
2005	1	22	10	48	54	0	1.28
2005	1	22	10	49	58	0	1.312
2005	1	22	10	51	2	0	1.211
2005	1	22	10	52	6	0	1.151
2005	1	22	10	53	10	0	1.164
2005	1	22	10	54	14	0	1.273
2005	1	22	10	55	18	0	1.211
2005	1	22	10	56	22	0	1.151
2005	1	22	10	57	26	0	1.151
2005	1	22	10	58	30	0	1.089
2005	1	22	10	59	34	0	1.127
2005	1	22	11	0	38	0	1.247
2005	1	22	11	1	42	0	1.127
2005	1	22	11	2	46	0	1.198
2005	1	22	11	3	50	0	1.174
2005	1	22	11	4	54	0	1.021
2005	1	22	11	5	58	0	1.211
2005	1	22	11	7	2	0	1.104
2005	1	22	11	8	6	0	NaN
2005	1	22	11	9	10	0	1.157
2005	1	22	11	10	14	0	1.075
2005	1	22	11	11	18	0	1.217
2005	1	22	11	12	22	0	1.009
2005	1	22	11	13	26	0	1.186
2005	1	22	11	14	30	0	1.148
2005	1	22	11	15	34	0	1.294
2005	1	22	11	16	38	0	1.019
2005	1	22	11	17	42	0	1.175
2005	1	22	11	18	46	0	1.025
2005	1	22	11	19	50	0	1.166
2005	1	22	11	20	54	0	0.979
2005	1	22	11	21	58	0	1.16
2005	1	22	11	23	2	0	1.009
2005	1	22	11	24	6	0	1.214
2005	1	22	11	25	10	0	1.058
2005	1	22	11	26	14	0	1.128
2005	1	22	11	27	18	0	0.995
2005	1	22	11	28	22	0	1.127
2005	1	22	11	29	26	0	1.013
2005	1	22	11	30	30	0	1.108
2005	1	22	11	31	34	0	0.947
2005	1	22	11	32	38	0	1.178
2005	1	22	11	33	42	0	0.98
2005	1	22	11	34	46	0	1.082
2005	1	22	11	35	50	0	0.97
2005	1	22	11	36	54	0	1.155
2005	1	22	11	37	58	0	0.819
2005	1	22	11	39	2	0	1.053
2005	1	22	11	40	6	0	0.887
2005	1	22	11	41	10	0	NaN
2005	1	22	11	42	14	0	0.878
2005	1	22	11	43	18	0	0.884
2005	1	22	11	44	22	0	1.012
2005	1	22	11	45	26	0	0.892
2005	1	22	11	46	30	0	0.99
2005	1	22	11	47	34	0	0.877
2005	1	22	11	48	38	0	0.977
2005	1	22	11	49	42	0	0.822
2005	1	22	11	50	46	0	1.009
2005	1	22	11	51	50	0	0.896
2005	1	22	11	52	54	0	1.059
2005	1	22	11	53	58	0	0.933
2005	1	22	11	55	2	0	0.938
2005	1	22	11	56	6	0	0.869
2005	1	22	11	57	10	0	1.081
2005	1	22	11	58	14	0	1.061
2005	1	22	11	59	18	0	1.131
2005	1	22	12	0	22	0	0.96
2005	1	22	12	1	26	0	1.04
2005	1	22	12	2	30	0	0.975
2005	1	22	12	3	34	0	1.031
2005	1	22	12	4	38	0	1.023
2005	1	22	12	5	42	0	1.119
2005	1	22	12	6	46	0	0.975
2005	1	22	12	7	50	0	1.028
2005	1	22	12	8	54	0	0.982
2005	1	22	12	9	58	0	1.107
2005	1	22	12	11	2	0	0.983
2005	1	22	12	12	6	0	1.165
2005	1	22	12	13	10	0	1.123
2005	1	22	12	14	14	0	NaN
2005	1	22	12	15	18	0	1.065
2005	1	22	12	16	22	0	0.987
2005	1	22	12	17	26	0	1.139
2005	1	22	12	18	30	0	1.176
2005	1	22	12	19	34	0	1.082
2005	1	22	12	20	38	0	1.019
2005	1	22	12	21	42	0	1.118
2005	1	22	12	22	46	0	0.969
2005	1	22	12	23	50	0	1.063
2005	1	22	12	24	54	0	1.002
2005	1	22	12	25	58	0	1.252
2005	1	22	12	27	2	0	1.087
2005	1	22	12	28	6	0	1.173
2005	1	22	12	29	10	0	1.112
2005	1	22	12	30	14	0	1.234
2005	1	22	12	31	18	0	1.178
2005	1	22	12	32	22	0	1.266
2005	1	22	12	33	26	0	1.025
2005	1	22	12	34	30	0	1.187
2005	1	22	12	35	34	0	0.953
2005	1	22	12	36	38	0	1.099
2005	1	22	12	37	42	0	1.025
2005	1	22	12	38	46	0	1.202
2005	1	22	12	39	50	0	1.055
2005	1	22	12	40	54	0	1.221
2005	1	22	12	41	58	0	1.054
2005	1	22	12	43	2	0	1.214
2005	1	22	12	44	6	0	1.076
2005	1	22	12	45	10	0	1.24
2005	1	22	12	46	14	0	1.156
2005	1	22	12	47	18	0	NaN
2005	1	22	12	48	22	0	1.159
2005	1	22	12	49	26	0	1.036
2005	1	22	12	50	30	0	1.179
2005	1	22	12	51	34	0	0.901
2005	1	22	12	52	38	0	1.056
2005	1	22	12	53	42	0	1.006
2005	1	22	12	54	46	0	1.046
2005	1	22	12	55	50	0	1.055
2005	1	22	12	56	54	0	1.17
2005	1	22	12	57	58	0	1.117
2005	1	22	12	59	2	0	1.132
2005	1	22	13	0	6	0	1.052
2005	1	22	13	1	10	0	1.175
2005	1	22	13	2	14	0	1.085
2005	1	22	13	3	18	0	1.213
2005	1	22	13	4	22	0	1.068
2005	1	22	13	5	26	0	1.122
2005	1	22	13	6	30	0	1.044
2005	1	22	13	7	34	0	1.082
2005	1	22	13	8	38	0	0.953
2005	1	22	13	9	42	0	1.037
2005	1	22	13	10	46	0	0.948
2005	1	22	13	11	50	0	1.12
2005	1	22	13	12	54	0	1.061
2005	1	22	13	13	58	0	1.21
2005	1	22	13	15	2	0	1.047
2005	1	22	13	16	6	0	1.23
2005	1	22	13	17	10	0	1.013
2005	1	22	13	18	14	0	1.202
2005	1	22	13	19	18	0	1.099
2005	1	22	13	20	22	0	NaN
2005	1	22	13	21	26	0	1.46
2005	1	22	13	22	30	0	1.116
2005	1	22	13	23	34	0	1.215
2005	1	22	13	24	38	0	1.261
2005	1	22	13	25	42	0	1.202
2005	1	22	13	26	46	0	1.376
2005	1	22	13	27	50	0	1.063
2005	1	22	13	28	54	0	1.24
2005	1	22	13	29	58	0	1.355
2005	1	22	13	31	2	0	1.226
2005	1	22	13	32	6	0	1.307
2005	1	22	13	33	10	0	1.195
2005	1	22	13	34	14	0	1.258
2005	1	22	13	35	18	0	0.967
2005	1	22	13	36	22	0	1.505
2005	1	22	13	37	26	0	1.512
2005	1	22	13	38	30	0	1.102
2005	1	22	13	39	34	0	1.538
2005	1	22	13	40	38	0	1.39
2005	1	22	13	41	42	0	1.417
2005	1	22	13	42	46	0	1.283
2005	1	22	13	43	50	0	1.535
2005	1	22	13	44	54	0	1.222
2005	1	22	13	45	58	0	0.975
2005	1	22	13	47	2	0	1.27
2005	1	22	13	48	6	0	1.131
2005	1	22	13	49	10	0	1.407
2005	1	22	13	50	14	0	1.395
2005	1	22	13	51	18	0	1.389
2005	1	22	13	52	22	0	1.55
2005	1	22	13	53	26	0	NaN
2005	1	22	13	54	30	0	1.501
2005	1	22	13	55	34	0	1.124
2005	1	22	13	56	38	0	1.181
2005	1	22	13	57	42	0	1.407
2005	1	22	13	58	46	0	1.264
2005	1	22	13	59	50	0	1.158
2005	1	22	14	0	54	0	1.411
2005	1	22	14	1	58	0	1.249
2005	1	22	14	3	2	0	1.401
2005	1	22	14	4	6	0	1.26
2005	1	22	14	5	10	0	1.407
2005	1	22	14	6	14	0	0.691
2005	1	22	14	7	18	0	1.02
2005	1	22	14	8	22	0	1.344
2005	1	22	14	9	26	0	1.359
2005	1	22	14	10	30	0	0.945
2005	1	22	14	11	34	0	1.307
2005	1	22	14	12	38	0	1.547
2005	1	22	14	13	42	0	1.307
2005	1	22	14	14	46	0	0.903
2005	1	22	14	15	50	0	1.468
2005	1	22	14	16	54	0	1.001
2005	1	22	14	17	58	0	1.107
2005	1	22	14	19	2	0	0.84
2005	1	22	14	20	6	0	1.203
2005	1	22	14	21	10	0	1.101
2005	1	22	14	22	14	0	1.039
2005	1	22	14	23	18	0	1.335
2005	1	22	14	24	22	0	1.197
2005	1	22	14	25	26	0	1.05
2005	1	22	14	26	30	0	NaN
2005	1	22	14	27	34	0	1.188
2005	1	22	14	28	38	0	NaN
2005	1	22	14	29	42	0	1.009
2005	1	22	14	30	46	0	0.943
2005	1	22	14	31	50	0	1.337
2005	1	22	14	32	54	0	1.195
2005	1	22	14	33	58	0	1.434
2005	1	22	14	35	2	0	0.971
2005	1	22	14	36	6	0	0.934
2005	1	22	14	37	10	0	1
2005	1	22	14	38	14	0	1.074
2005	1	22	14	39	18	0	0.96
2005	1	22	14	40	22	0	1.246
2005	1	22	14	41	26	0	1.159
2005	1	22	14	42	30	0	0.961
2005	1	22	14	43	34	0	1.058
2005	1	22	14	44	38	0	0.927
2005	1	22	14	45	42	0	1.069
2005	1	22	14	46	46	0	1.194
2005	1	22	14	47	50	0	1.033
2005	1	22	14	48	54	0	0.838
2005	1	22	14	49	58	0	1.256
2005	1	22	14	51	2	0	1.098
2005	1	22	14	52	6	0	1.163
2005	1	22	14	53	10	0	1.619
2005	1	22	14	54	14	0	0.974
2005	1	22	14	55	18	0	1.155
2005	1	22	14	56	22	0	0.818
2005	1	22	14	57	26	0	1.165
2005	1	22	14	58	30	0	0.979
2005	1	22	14	59	34	0	NaN
2005	1	22	15	0	38	0	1.084
2005	1	22	15	1	42	0	1.065
2005	1	22	15	2	46	0	1.125
2005	1	22	15	3	50	0	0.99
2005	1	22	15	4	54	0	1.097
2005	1	22	15	5	58	0	1.051
2005	1	22	15	7	2	0	1.236
2005	1	22	15	8	6	0	1.039
2005	1	22	15	9	10	0	1.097
2005	1	22	15	10	14	0	1.074
2005	1	22	15	11	18	0	1.05
2005	1	22	15	12	22	0	1.123
2005	1	22	15	13	26	0	1.087
2005	1	22	15	14	30	0	1.036
2005	1	22	15	15	34	0	1.041
2005	1	22	15	16	38	0	0.903
2005	1	22	15	17	42	0	1.106
2005	1	22	15	18	46	0	1.106
2005	1	22	15	19	50	0	1.03
2005	1	22	15	20	54	0	1.288
2005	1	22	15	21	58	0	1.078
2005	1	22	15	23	2	0	1.053
2005	1	22	15	24	6	0	1.087
2005	1	22	15	25	10	0	0.995
2005	1	22	15	26	14	0	1.013
2005	1	22	15	27	18	0	1.391
2005	1	22	15	28	22	0	1.153
2005	1	22	15	29	26	0	1.262
2005	1	22	15	30	30	0	1.123
2005	1	22	15	31	34	0	1.05
2005	1	22	15	32	38	0	NaN
2005	1	22	15	33	42	0	1.107
2005	1	22	15	34	46	0	1.153
2005	1	22	15	35	50	0	1.079
2005	1	22	15	36	54	0	1.012
2005	1	22	15	37	58	0	1.093
2005	1	22	15	39	2	0	1.19
2005	1	22	15	40	6	0	1.147
2005	1	22	15	41	10	0	1.173
2005	1	22	15	42	14	0	0.905
2005	1	22	15	43	18	0	0.995
2005	1	22	15	44	22	0	1.001
2005	1	22	15	45	26	0	0.894
2005	1	22	15	46	30	0	0.971
2005	1	22	15	47	34	0	1.219
2005	1	22	15	48	38	0	1.096
2005	1	22	15	49	42	0	1.28
2005	1	22	15	50	46	0	1.031
2005	1	22	15	51	50	0	1.193
2005	1	22	15	52	54	0	0.959
2005	1	22	15	53	58	0	1.382
2005	1	22	15	55	2	0	0.938
2005	1	22	15	56	6	0	1.053
2005	1	22	15	57	10	0	1.007
2005	1	22	15	58	14	0	1.059
2005	1	22	15	59	18	0	0.899
2005	1	22	16	0	22	0	1.203
2005	1	22	16	1	26	0	1.004
2005	1	22	16	2	30	0	1.118
2005	1	22	16	3	34	0	0.972
2005	1	22	16	4	38	0	0.919
2005	1	22	16	5	42	0	NaN
2005	1	22	16	6	46	0	1.005
2005	1	22	16	7	50	0	1.045
2005	1	22	16	8	54	0	0.992
2005	1	22	16	9	58	0	1.077
2005	1	22	16	11	2	0	0.966
2005	1	22	16	12	6	0	1.143
2005	1	22	16	13	10	0	1.245
2005	1	22	16	14	14	0	1.324
2005	1	22	16	15	18	0	0.982
2005	1	22	16	16	22	0	1.378
2005	1	22	16	17	26	0	0.998
2005	1	22	16	18	30	0	0.788
2005	1	22	16	19	34	0	0.919
2005	1	22	16	20	38	0	1.248
2005	1	22	16	21	42	0	1.517
2005	1	22	16	22	46	0	0.943
2005	1	22	16	23	50	0	0.814
2005	1	22	16	24	54	0	1.106
2005	1	22	16	25	58	0	1.09
2005	1	22	16	27	2	0	1.065
2005	1	22	16	28	6	0	1.303
2005	1	22	16	29	10	0	1.149
2005	1	22	16	30	14	0	1.061
2005	1	22	16	31	18	0	1.096
2005	1	22	16	32	22	0	1.063
2005	1	22	16	33	26	0	1.071
2005	1	22	16	34	30	0	1.214
2005	1	22	16	35	34	0	1.49
2005	1	22	16	36	38	0	0.915
2005	1	22	16	37	42	0	0.998
2005	1	22	16	38	46	0	NaN
2005	1	22	16	39	50	0	0.726
2005	1	22	16	40	54	0	0.752
2005	1	22	16	41	58	0	0.603
2005	1	22	16	43	2	0	0.863
2005	1	22	16	44	6	0	0.672
2005	1	22	16	45	10	0	0.764
2005	1	22	16	46	14	0	0.754
2005	1	22	16	47	18	0	0.795
2005	1	22	16	48	22	0	0.73
2005	1	22	16	49	26	0	0.793
2005	1	22	16	50	30	0	0.829
2005	1	22	16	51	34	0	0.743
2005	1	22	16	52	38	0	0.639
2005	1	22	16	53	42	0	0.904
2005	1	22	16	54	46	0	0.726
2005	1	22	16	55	50	0	0.968
2005	1	22	16	56	54	0	0.723
2005	1	22	16	57	58	0	0.864
2005	1	22	16	59	2	0	0.821
2005	1	22	17	0	6	0	0.888
2005	1	22	17	1	10	0	0.685
2005	1	22	17	2	14	0	0.645
2005	1	22	17	3	18	0	0.735
2005	1	22	17	4	22	0	0.801
2005	1	22	17	5	26	0	0.793
2005	1	22	17	6	30	0	0.854
2005	1	22	17	7	34	0	0.868
2005	1	22	17	8	38	0	0.92
2005	1	22	17	9	42	0	0.844
2005	1	22	17	10	46	0	0.948
2005	1	22	17	11	50	0	NaN
2005	1	22	17	12	54	0	0.945
2005	1	22	17	13	58	0	0.936
2005	1	22	17	15	2	0	1.007
2005	1	22	17	16	6	0	1.632
2005	1	22	17	17	10	0	0.754
2005	1	22	17	18	14	0	0.835
2005	1	22	17	19	18	0	0.724
2005	1	22	17	20	22	0	0.938
2005	1	22	17	21	26	0	0.903
2005	1	22	17	22	30	0	1.087
2005	1	22	17	23	34	0	0.779
2005	1	22	17	24	38	0	0.717
2005	1	22	17	25	42	0	0.512
2005	1	22	17	26	46	0	0.984
2005	1	22	17	27	50	0	0.804
2005	1	22	17	28	54	0	1.24
2005	1	22	17	29	58	0	1.055
2005	1	22	17	31	2	0	0.834
2005	1	22	17	32	6	0	1.085
2005	1	22	17	33	10	0	0.838
2005	1	22	17	34	14	0	0.877
2005	1	22	17	35	18	0	0.979
2005	1	22	17	36	22	0	1.126
2005	1	22	17	37	26	0	0.66
2005	1	22	17	38	30	0	0.674
2005	1	22	17	39	34	0	0.781
2005	1	22	17	40	38	0	0.675
2005	1	22	17	41	42	0	0.828
2005	1	22	17	42	46	0	1.041
2005	1	22	17	43	50	0	0.72
2005	1	22	17	44	54	0	NaN
2005	1	22	17	45	58	0	0.586
2005	1	22	17	47	2	0	0.734
2005	1	22	17	48	6	0	0.703
2005	1	22	17	49	10	0	0.8
2005	1	22	17	50	14	0	0.654
2005	1	22	17	51	18	0	0.861
2005	1	22	17	52	22	0	0.937
2005	1	22	17	53	26	0	1.001
2005	1	22	17	54	30	0	0.795
2005	1	22	17	55	34	0	0.613
2005	1	22	17	56	38	0	0.883
2005	1	22	17	57	42	0	0.729
2005	1	22	17	58	46	0	0.844
2005	1	22	17	59	50	0	0.884
2005	1	22	18	0	54	0	0.766
2005	1	22	18	1	58	0	0.81
2005	1	22	18	3	2	0	0.943
2005	1	22	18	4	6	0	0.912
2005	1	22	18	5	10	0	0.969
2005	1	22	18	6	14	0	0.946
2005	1	22	18	7	18	0	0.809
2005	1	22	18	8	22	0	0.754
2005	1	22	18	9	26	0	0.827
2005	1	22	18	10	30	0	0.963
2005	1	22	18	11	34	0	0.723
2005	1	22	18	12	38	0	0.782
2005	1	22	18	13	42	0	0.832
2005	1	22	18	14	46	0	0.834
2005	1	22	18	15	50	0	1.102
2005	1	22	18	16	54	0	0.933
2005	1	22	18	17	58	0	NaN
2005	1	22	18	19	2	0	0.859
2005	1	22	18	20	6	0	0.902
2005	1	22	18	21	10	0	0.923
2005	1	22	18	22	14	0	0.86
2005	1	22	18	23	18	0	0.835
2005	1	22	18	24	22	0	0.88
2005	1	22	18	25	26	0	0.828
2005	1	22	18	26	30	0	0.712
2005	1	22	18	27	34	0	0.912
2005	1	22	18	28	38	0	0.816
2005	1	22	18	29	42	0	0.874
2005	1	22	18	30	46	0	0.907
2005	1	22	18	31	50	0	0.904
2005	1	22	18	32	54	0	0.755
2005	1	22	18	33	58	0	0.887
2005	1	22	18	35	2	0	0.8
2005	1	22	18	36	6	0	0.809
2005	1	22	18	37	10	0	0.688
2005	1	22	18	38	14	0	0.803
2005	1	22	18	39	18	0	0.715
2005	1	22	18	40	22	0	1.018
2005	1	22	18	41	26	0	0.914
2005	1	22	18	42	30	0	0.813
2005	1	22	18	43	34	0	0.917
2005	1	22	18	44	38	0	1.002
2005	1	22	18	45	42	0	0.895
2005	1	22	18	46	46	0	0.96
2005	1	22	18	47	50	0	0.955
2005	1	22	18	48	54	0	1.008
2005	1	22	18	49	58	0	0.862
2005	1	22	18	51	2	0	NaN
2005	1	22	18	52	6	0	0.89
2005	1	22	18	53	10	0	0.942
2005	1	22	18	54	14	0	0.903
2005	1	22	18	55	18	0	0.822
2005	1	22	18	56	22	0	0.849
2005	1	22	18	57	26	0	0.836
2005	1	22	18	58	30	0	0.842
2005	1	22	18	59	34	0	0.769
2005	1	22	19	0	38	0	0.953
2005	1	22	19	1	42	0	0.977
2005	1	22	19	2	46	0	0.911
2005	1	22	19	3	50	0	0.94
2005	1	22	19	4	54	0	0.909
2005	1	22	19	5	58	0	0.781
2005	1	22	19	7	2	0	0.877
2005	1	22	19	8	6	0	0.822
2005	1	22	19	9	10	0	0.846
2005	1	22	19	10	14	0	0.906
2005	1	22	19	11	18	0	0.891
2005	1	22	19	12	22	0	0.866
2005	1	22	19	13	26	0	0.993
2005	1	22	19	14	30	0	0.78
2005	1	22	19	15	34	0	0.808
2005	1	22	19	16	38	0	0.826
2005	1	22	19	17	42	0	0.775
2005	1	22	19	18	46	0	0.937
2005	1	22	19	19	50	0	0.856
2005	1	22	19	20	54	0	0.947
2005	1	22	19	21	58	0	0.713
2005	1	22	19	23	2	0	0.875
2005	1	22	19	24	6	0	NaN
2005	1	22	19	25	10	0	0.836
2005	1	22	19	26	14	0	0.773
2005	1	22	19	27	18	0	0.861
2005	1	22	19	28	22	0	0.747
2005	1	22	19	29	26	0	0.719
2005	1	22	19	30	30	0	0.772
2005	1	22	19	31	34	0	0.764
2005	1	22	19	32	38	0	0.941
2005	1	22	19	33	42	0	1.128
2005	1	22	19	34	46	0	1.087
2005	1	22	19	35	50	0	1.079
2005	1	22	19	36	54	0	1.114
2005	1	22	19	37	58	0	1.042
2005	1	22	19	39	2	0	1.041
2005	1	22	19	40	6	0	0.982
2005	1	22	19	41	10	0	0.909
2005	1	22	19	42	14	0	1.294
2005	1	22	19	43	18	0	1.141
2005	1	22	19	44	22	0	1.115
2005	1	22	19	45	26	0	1.15
2005	1	22	19	46	30	0	1.187
2005	1	22	19	47	34	0	1.147
2005	1	22	19	48	38	0	1.206
2005	1	22	19	49	42	0	1.283
2005	1	22	19	50	46	0	1.556
2005	1	22	19	51	50	0	1.623
2005	1	22	19	52	54	0	1.391
2005	1	22	19	53	58	0	1.304
2005	1	22	19	55	2	0	1.28
2005	1	22	19	56	6	0	1.308
2005	1	22	19	57	10	0	NaN
2005	1	22	19	58	14	0	1.159
2005	1	22	19	59	18	0	1.719
2005	1	22	20	0	22	0	1.655
2005	1	22	20	1	26	0	1.542
2005	1	22	20	2	30	0	1.448
2005	1	22	20	3	34	0	1.435
2005	1	22	20	4	38	0	1.548
2005	1	22	20	5	42	0	1.769
2005	1	22	20	6	46	0	1.731
2005	1	22	20	7	50	0	1.525
2005	1	22	20	8	54	0	1.711
2005	1	22	20	9	58	0	1.529
2005	1	22	20	11	2	0	1.646
2005	1	22	20	12	6	0	1.848
2005	1	22	20	13	10	0	1.407
2005	1	22	20	14	14	0	1.546
2005	1	22	20	15	18	0	1.772
2005	1	22	20	16	22	0	1.819
2005	1	22	20	17	26	0	1.493
2005	1	22	20	18	30	0	1.407
2005	1	22	20	19	34	0	1.59
2005	1	22	20	20	38	0	1.675
2005	1	22	20	21	42	0	1.486
2005	1	22	20	22	46	0	1.505
2005	1	22	20	23	50	0	1.546
2005	1	22	20	24	54	0	1.731
2005	1	22	20	25	58	0	1.682
2005	1	22	20	27	2	0	1.647
2005	1	22	20	28	6	0	1.397
2005	1	22	20	29	10	0	1.617
2005	1	22	20	30	14	0	NaN
2005	1	22	20	31	18	0	NaN
2005	1	22	20	32	22	0	1.814
2005	1	22	20	33	26	0	1.442
2005	1	22	20	34	30	0	1.544
2005	1	22	20	35	34	0	1.483
2005	1	22	20	36	38	0	1.264
2005	1	22	20	37	42	0	1.305
2005	1	22	20	38	46	0	1.13
2005	1	22	20	39	50	0	1.554
2005	1	22	20	40	54	0	1.731
2005	1	22	20	41	58	0	1.579
2005	1	22	20	43	2	0	1.511
2005	1	22	20	44	6	0	1.703
2005	1	22	20	45	10	0	1.815
2005	1	22	20	46	14	0	1.829
2005	1	22	20	47	18	0	1.639
2005	1	22	20	48	22	0	1.643
2005	1	22	20	49	26	0	1.556
2005	1	22	20	50	30	0	1.67
2005	1	22	20	51	34	0	1.609
2005	1	22	20	52	38	0	1.565
2005	1	22	20	53	42	0	1.528
2005	1	22	20	54	46	0	2.223
2005	1	22	20	55	50	0	1.712
2005	1	22	20	56	54	0	1.785
2005	1	22	20	57	58	0	1.479
2005	1	22	20	59	2	0	1.633
2005	1	22	21	0	6	0	1.403
2005	1	22	21	1	10	0	1.536
2005	1	22	21	2	14	0	1.383
2005	1	22	21	3	18	0	NaN
2005	1	22	21	4	22	0	1.91
2005	1	22	21	5	26	0	1.852
2005	1	22	21	6	30	0	1.713
2005	1	22	21	7	34	0	NaN
2005	1	22	21	8	38	0	1.959
2005	1	22	21	9	42	0	1.76
2005	1	22	21	10	46	0	1.839
2005	1	22	21	11	50	0	1.792
2005	1	22	21	12	54	0	1.778
2005	1	22	21	13	58	0	1.773
2005	1	22	21	15	2	0	1.769
2005	1	22	21	16	6	0	1.697
2005	1	22	21	17	10	0	2.018
2005	1	22	21	18	14	0	1.88
2005	1	22	21	19	18	0	1.714
2005	1	22	21	20	22	0	1.852
2005	1	22	21	21	26	0	1.973
2005	1	22	21	22	30	0	1.99
2005	1	22	21	23	34	0	1.853
2005	1	22	21	24	38	0	1.918
2005	1	22	21	25	42	0	2.008
2005	1	22	21	26	46	0	2.253
2005	1	22	21	27	50	0	2.132
2005	1	22	21	28	54	0	2.186
2005	1	22	21	29	58	0	2.307
2005	1	22	21	31	2	0	2.199
2005	1	22	21	32	6	0	2.096
2005	1	22	21	33	10	0	2.453
2005	1	22	21	34	14	0	2.186
2005	1	22	21	35	18	0	2.231
2005	1	22	21	36	22	0	NaN
2005	1	22	21	37	26	0	2.304
2005	1	22	21	38	30	0	2.494
2005	1	22	21	39	34	0	2.464
2005	1	22	21	40	38	0	1.98
2005	1	22	21	41	42	0	1.897
2005	1	22	21	42	46	0	2.231
2005	1	22	21	43	50	0	2.487
2005	1	22	21	44	54	0	2.17
2005	1	22	21	45	58	0	2.255
2005	1	22	21	47	2	0	2.414
2005	1	22	21	48	6	0	2.034
2005	1	22	21	49	10	0	2.256
2005	1	22	21	50	14	0	2.137
2005	1	22	21	51	18	0	2.463
2005	1	22	21	52	22	0	2.49
2005	1	22	21	53	26	0	1.963
2005	1	22	21	54	30	0	2.441
2005	1	22	21	55	34	0	2.4
2005	1	22	21	56	38	0	2.3
2005	1	22	21	57	42	0	2.233
2005	1	22	21	58	46	0	2.217
2005	1	22	21	59	50	0	1.957
2005	1	22	22	0	54	0	2.117
2005	1	22	22	1	58	0	2.058
2005	1	22	22	3	2	0	2.057
2005	1	22	22	4	6	0	1.96
2005	1	22	22	5	10	0	2.096
2005	1	22	22	6	14	0	2.064
2005	1	22	22	7	18	0	1.812
2005	1	22	22	8	22	0	1.888
2005	1	22	22	9	26	0	NaN
2005	1	22	22	10	30	0	1.828
2005	1	22	22	11	34	0	2.019
2005	1	22	22	12	38	0	2.124
2005	1	22	22	13	42	0	1.896
2005	1	22	22	14	46	0	1.916
2005	1	22	22	15	50	0	1.94
2005	1	22	22	16	54	0	1.884
2005	1	22	22	17	58	0	1.828
2005	1	22	22	19	2	0	1.834
2005	1	22	22	20	6	0	2.007
2005	1	22	22	21	10	0	2.083
2005	1	22	22	22	14	0	1.606
2005	1	22	22	23	18	0	1.672
2005	1	22	22	24	22	0	2.341
2005	1	22	22	25	26	0	1.671
2005	1	22	22	26	30	0	1.753
2005	1	22	22	27	34	0	1.612
2005	1	22	22	28	38	0	1.482
2005	1	22	22	29	42	0	1.678
2005	1	22	22	30	46	0	1.766
2005	1	22	22	31	50	0	1.722
2005	1	22	22	32	54	0	2.049
2005	1	22	22	33	58	0	2.339
2005	1	22	22	35	2	0	2.356
2005	1	22	22	36	6	0	1.809
2005	1	22	22	37	10	0	NaN
2005	1	22	22	38	14	0	2.117
2005	1	22	22	39	18	0	1.888
2005	1	22	22	40	22	0	1.998
2005	1	22	22	41	26	0	2.345
2005	1	22	22	42	30	0	NaN
2005	1	22	22	43	34	0	2.113
2005	1	22	22	44	38	0	2.096
2005	1	22	22	45	42	0	2.083
2005	1	22	22	46	46	0	2.175
2005	1	22	22	47	50	0	1.768
2005	1	22	22	48	54	0	2.202
2005	1	22	22	49	58	0	1.557
2005	1	22	22	51	2	0	1.491
2005	1	22	22	52	6	0	1.535
2005	1	22	22	53	10	0	1.569
2005	1	22	22	54	14	0	1.495
2005	1	22	22	55	18	0	1.286
2005	1	22	22	56	22	0	1.543
2005	1	22	22	57	26	0	1.506
2005	1	22	22	58	30	0	1.733
2005	1	22	22	59	34	0	1.566
2005	1	22	23	0	38	0	1.533
2005	1	22	23	1	42	0	1.686
2005	1	22	23	2	46	0	1.677
2005	1	22	23	3	50	0	1.469
2005	1	22	23	4	54	0	1.701
2005	1	22	23	5	58	0	1.454
2005	1	22	23	7	2	0	1.636
2005	1	22	23	8	6	0	1.637
2005	1	22	23	9	10	0	1.717
2005	1	22	23	10	14	0	1.617
2005	1	22	23	11	18	0	1.668
2005	1	22	23	12	22	0	1.583
2005	1	22	23	13	26	0	1.681
2005	1	22	23	14	30	0	1.763
2005	1	22	23	15	34	0	NaN
2005	1	22	23	16	38	0	1.48
2005	1	22	23	17	42	0	1.599
2005	1	22	23	18	46	0	1.755
2005	1	22	23	19	50	0	1.512
2005	1	22	23	20	54	0	1.617
2005	1	22	23	21	58	0	1.562
2005	1	22	23	23	2	0	1.521
2005	1	22	23	24	6	0	1.643
2005	1	22	23	25	10	0	1.815
2005	1	22	23	26	14	0	1.686
2005	1	22	23	27	18	0	1.608
2005	1	22	23	28	22	0	1.96
2005	1	22	23	29	26	0	1.779
2005	1	22	23	30	30	0	1.573
2005	1	22	23	31	34	0	1.405
2005	1	22	23	32	38	0	1.588
2005	1	22	23	33	42	0	1.59
2005	1	22	23	34	46	0	1.498
2005	1	22	23	35	50	0	1.715
2005	1	22	23	36	54	0	1.651
2005	1	22	23	37	58	0	1.642
2005	1	22	23	39	2	0	1.632
2005	1	22	23	40	6	0	1.853
2005	1	22	23	41	10	0	NaN
2005	1	22	23	42	14	0	1.916
2005	1	22	23	43	18	0	1.314
2005	1	22	23	44	22	0	1.656
2005	1	22	23	45	26	0	1.495
2005	1	22	23	46	30	0	1.853
2005	1	22	23	47	34	0	1.917
2005	1	22	23	48	38	0	NaN
2005	1	22	23	49	42	0	2.183
2005	1	22	23	50	46	0	2.25
2005	1	22	23	51	50	0	2.157
2005	1	22	23	52	54	0	2.283
2005	1	22	23	53	58	0	2.352
2005	1	22	23	55	2	0	1.497
2005	1	22	23	56	6	0	1.678
2005	1	22	23	57	10	0	1.6
2005	1	22	23	58	14	0	1.843
2005	1	22	23	59	18	0	2.158
